0 2
0 5
0 22
0 28
0 42
0 80
1 2
1 3
1 4
1 5
1 6
1 11
1 12
1 16
1 40
1 43
1 51
1 57
1 59
1 65
1 90
2 3
2 4
2 8
2 19
2 20
2 25
2 27
2 28
2 40
2 89
3 7
3 8
3 9
3 12
3 17
3 24
3 44
3 45
3 56
3 61
3 68
3 79
4 53
5 6
5 7
5 14
5 22
5 23
5 36
5 37
5 91
5 98
6 9
6 10
6 17
6 18
6 32
6 34
6 35
6 41
6 51
6 60
6 67
6 76
6 77
6 99
7 10
7 11
7 13
7 15
7 29
7 36
7 44
7 46
7 68
7 69
7 78
8 19
8 24
8 26
8 39
8 61
9 16
9 18
9 63
9 81
10 14
10 21
10 37
11 13
11 20
11 23
11 27
11 90
12 31
12 59
13 15
13 29
13 47
13 54
13 69
13 71
14 21
14 34
14 35
14 96
15 32
15 81
16 38
16 65
17 26
17 30
17 42
17 53
17 57
17 74
17 84
18 66
19 30
20 25
21 55
21 82
21 85
22 33
22 45
22 62
22 83
23 33
23 41
23 66
23 83
23 95
25 71
27 39
29 47
29 92
30 31
31 52
32 49
32 73
32 89
34 46
34 52
34 54
34 60
34 91
35 67
37 38
37 48
37 55
37 56
37 58
37 72
37 87
37 94
37 99
38 43
38 48
38 50
38 72
38 74
38 78
38 82
39 64
39 76
40 49
40 63
40 70
40 87
44 58
45 50
45 75
46 64
49 77
49 79
49 80
49 86
49 88
52 93
53 62
54 92
54 93
61 88
62 73
62 86
63 70
63 75
71 95
74 94
76 84
81 96
84 85
84 97
89 98
94 97
