0:[15, 7, 3, 17, 74]
1:[40, 2, 89]
2:[54, 13, 7, 36]
3:[32, 15, 7, 78]
4:[78, 38, 43]
5:[50, 45, 3, 79, 49]
6:[86, 49, 40, 87, 37, 55]
7:[4, 1, 5, 14]
8:[49, 32, 6, 41]
9:[63, 40, 1, 11]
10:[48, 37, 10, 6, 32]
11:[72, 37, 5, 22, 33]
12:[38, 16, 9, 6, 35]
13:[26, 17, 6, 10, 21]
14:[53, 17, 3, 61]
15:[48, 37, 56, 3, 8]
16:[50, 45, 3, 79]
17:[85, 84, 17, 74]
18:[3, 56]
19:[59, 1, 3, 17, 84, 97]
20:[73, 62, 22, 83]
21:[84, 17, 3, 1, 43]
22:[16, 1, 40, 49]
23:[53, 4, 1, 40]
24:[16, 38, 74]
25:[58, 37, 38]
26:[43, 1, 3, 17]
27:[81, 15, 7, 36]
28:[56, 3, 2, 0]
29:[12, 1, 51]
30:[70, 40, 1, 3, 17, 84, 85]
31:[13, 11, 1, 4, 53]
32:[25, 20, 11, 23, 66]
33:[99, 6, 1, 65]
34:[19, 2, 25, 71, 95]
35:[52, 34, 6, 67]
36:[18, 6, 1, 90]
37:[31, 12, 1, 11, 13]
38:[29, 13, 54, 34]
39:[83, 22, 5, 7, 78]
40:[61, 3, 1, 5, 23]
41:[3, 8, 26]
42:[42, 0, 5, 98]
43:[93, 52, 31, 12, 3, 61]
44:[96, 81, 9, 16]
45:[20, 2, 1, 6, 18]
46:[14, 5, 0]
47:[60, 6, 1, 2, 25]
48:[40, 1, 3, 61]
49:[0, 5, 37, 38]
50:[35, 6, 1, 2, 28]
51:[61, 3, 45, 50]
52:[29, 7, 3, 2]
53:[24, 3, 1, 5]
54:[72, 37, 5, 0, 42]
55:[44, 7, 13]
56:[43, 1, 3, 7, 46]
57:[76, 6, 5, 23]
58:[22, 5, 7]
59:[19, 2, 1, 6, 99]
60:[41, 23, 11, 13, 47]
61:[94, 74, 17, 6, 34]
62:[40, 49, 32]
63:[69, 7, 3, 45, 50]
64:[97, 84, 76, 39, 27]
65:[24, 3, 9, 18, 66]
66:[48, 37, 5, 22, 83]
67:[3, 17, 84, 97]
68:[55, 21, 14, 34, 52, 93]
69:[16, 9, 3, 17, 42]
70:[39, 27, 11, 23, 33]
71:[18, 9, 3, 12, 31]
72:[63, 40, 1, 57]
73:[71, 25, 2, 3, 79]
74:[67, 6, 32, 15]
75:[2, 1, 12]
76:[35, 6, 17, 84, 97]
77:[96, 81, 9, 3, 45, 50]
78:[40, 87, 37, 58]
79:[86, 49, 32, 6, 76, 39]
80:[54, 13, 7, 68]
81:[0, 5, 14, 21]
82:[27, 2, 3, 9]
83:[10, 6, 1, 43]
84:[68, 7, 46]
85:[37, 38, 82]
86:[92, 29, 13, 11, 23]
87:[17, 3, 56, 37]
88:[80, 0, 5, 6, 60]
89:[19, 8, 3, 9, 81, 96]
90:[66, 23, 5, 14]
91:[90, 1]
92:[99, 37]
93:[99, 6, 17, 84]
94:[50, 45, 3, 24]
95:[43, 1, 16]
96:[84, 17, 3, 79]
97:[8, 2, 40, 63]
98:[40, 1, 3, 7, 29, 92]
99:[2, 1, 6, 67]
100:[11, 90]
101:[44, 3, 79, 49, 86]
102:[63, 40, 2, 20]
103:[72, 37, 10, 14, 96]
104:[46, 7, 3, 2, 25]
105:[70, 40, 1, 6, 34, 52]
106:[46, 34, 6, 17]
107:[39, 8, 3, 44, 58]
108:[64, 46, 34, 6, 1]
109:[4, 1, 5, 98]
110:[54, 93]
111:[32, 6, 1, 16, 38]
112:[75, 45, 3, 1, 59]
113:[86, 49, 32, 15, 13, 71]
114:[67, 35, 14, 21, 55]
115:[58, 44, 7, 13, 54]
116:[53, 17, 6, 5, 23]
117:[14, 5, 1, 4]
118:[18, 6, 60]
119:[10, 7, 3, 45]
120:[60, 6, 1, 3, 56]
121:[8, 2, 40, 49, 86]
122:[23, 11, 7, 69]
123:[22, 5, 1, 65]
124:[6, 77]
125:[40, 49, 32, 73]
126:[84, 17, 3, 79]
127:[68, 3, 56, 37, 55]
128:[27, 39, 64]
129:[98, 5, 7]
130:[68, 7, 10, 21, 82]
131:[22, 45, 3, 24]
132:[2, 3, 45, 50]
133:[50, 45, 3, 2, 25, 71]
134:[37, 56, 3]
135:[1, 3, 7, 29]
136:[41, 6, 5, 37, 48]
137:[61, 8, 2, 20]
138:[55, 37, 5, 36]
139:[80, 0, 2, 3]
140:[31, 52, 93]
141:[52, 34, 6, 17, 42]
142:[50, 45, 3, 9, 81]
143:[50, 45, 3, 56]
144:[1, 3, 45, 75]
145:[28, 0, 5, 37]
146:[22, 0, 2, 19]
147:[19, 2, 40, 87]
148:[59, 1, 11, 13, 47]
149:[25, 2, 8, 39, 64]
150:[33, 22, 5, 6, 76]
151:[17, 3, 1]
152:[55, 21, 10, 6, 41]
153:[56, 3, 17, 53, 62]
154:[38, 16, 9, 6, 34, 52]
155:[19, 2, 40, 70]
156:[88, 61, 3]
157:[88, 49, 32, 15, 13]
158:[68, 3, 1, 4]
159:[61, 3, 9, 18, 66]
160:[33, 22, 5, 7, 46]
161:[48, 37, 5, 98, 89]
162:[1, 5, 36]
163:[19, 2, 0]
164:[62, 53, 17, 3, 8, 39]
165:[66, 18, 6, 1, 4]
166:[4, 2, 8, 39, 64]
167:[82, 21, 85, 84]
168:[27, 2, 40, 70]
169:[30, 17, 74]
170:[65, 1, 40, 49, 86]
171:[36, 7, 46]
172:[63, 40, 2, 28]
173:[42, 0, 80, 49, 88]
174:[7, 29, 92]
175:[97, 84, 17, 6, 51]
176:[6, 5, 14, 96]
177:[39, 8, 2, 40, 49]
178:[97, 84, 17, 6]
179:[65, 16, 38, 50]
180:[3, 7, 15]
181:[79, 3, 1, 90]
182:[24, 3, 17, 53]
183:[74, 17, 6, 5]
184:[96, 81, 9, 18]
185:[65, 1, 3, 61, 88]
186:[39, 27, 11, 23, 66]
187:[56, 3, 1, 40, 70]
188:[77, 6, 34, 46]
189:[99, 6, 1, 90]
190:[37, 5, 98]
191:[43, 1, 2, 25]
192:[46, 34, 6, 18, 66]
193:[31, 12, 1, 11]
194:[95, 71, 13, 29, 92]
195:[79, 3, 7, 10, 21]
196:[51, 1, 3, 44]
197:[23, 5, 37, 94, 97]
198:[24, 8, 61, 88]
199:[20, 2, 3, 17, 84]
200:[85, 21, 82]
201:[64, 39, 8, 19]
202:[2, 3, 9, 81]
203:[96, 81, 9, 3, 17, 74]
204:[70, 40, 1, 6, 34, 52, 93]
205:[34, 14, 96]
206:[95, 23, 5, 22, 62]
207:[47, 13, 7, 3]
208:[77, 6, 5, 7]
209:[21, 10, 7, 13, 47]
210:[51, 1, 3, 45, 75]
211:[99, 6, 9, 63, 75]
212:[77, 6, 5, 37, 94]
213:[56, 3, 45, 22, 83]
214:[36, 5, 1, 12, 31]
215:[87, 40, 1, 11, 13]
216:[77, 49, 79, 3, 24]
217:[50, 45, 3, 1, 6, 77]
218:[31, 30, 17, 53, 62]
219:[58, 37, 56]
220:[81, 9, 3, 17, 84, 97]
221:[96, 81, 9, 16, 38]
222:[43, 1, 6, 18]
223:[31, 12, 3]
224:[29, 13, 11, 1, 51]
225:[44, 7, 13, 54, 93]
226:[19, 8, 3, 45]
227:[8, 3, 45, 50]
228:[53, 17, 6, 10]
229:[9, 6, 34]
230:[44, 3, 17, 84]
231:[8, 2, 25]
232:[76, 6, 5, 0]
233:[50, 45, 3, 2, 25, 71]
234:[68, 3, 1]
235:[67, 6, 34, 52]
236:[67, 6]
237:[85, 84, 17, 3, 45]
238:[41, 6, 1, 2, 8]
239:[44, 3, 1, 57]
240:[42, 17, 3, 44]
241:[56, 3, 2, 0, 80]
242:[33, 22, 0, 2]
243:[1, 40, 63]
244:[86, 49, 32, 6, 34, 52, 93]
245:[38, 16, 9, 6, 76]
246:[27, 2, 3, 9]
247:[77, 6, 34, 54, 92]
248:[27, 2, 40]
249:[27, 11, 23, 95]
250:[48, 38, 74, 17, 26]
251:[89, 2, 1, 12]
252:[51, 1, 2, 19]
253:[58, 37, 5, 22, 62]
254:[51, 1, 2, 19]
255:[56, 3, 2, 0, 80]
256:[48, 37, 5, 36]
257:[26, 17, 74, 94]
258:[74, 17, 3, 2, 20]
259:[81, 9, 3, 8, 39]
260:[8, 2, 25, 71, 95]
261:[51, 1, 5, 36]
262:[84, 17, 6, 51]
263:[47, 13, 11, 1, 59]
264:[80, 0, 2, 1, 43]
265:[81, 9]
266:[80, 0, 5, 6, 60]
267:[95, 23, 5, 37, 72]
268:[82, 38, 37, 99]
269:[18, 9, 3, 45]
270:[0, 2, 25]
271:[44, 3, 45, 22, 83]
272:[78, 7, 3, 79]
273:[4, 1, 3, 68]
274:[49, 79, 3, 24]
275:[87, 40, 1, 12]
276:[4, 1, 43]
277:[1, 2, 28]
278:[12, 1, 40, 70]
279:[50, 38, 82]
280:[96, 14, 35, 67]
281:[90, 11, 13, 47]
282:[28, 2, 19, 30]
283:[37, 10, 7, 46]
284:[92, 29, 7, 46]
285:[94, 74, 17, 6, 35]
286:[29, 13, 11, 1, 40]
287:[85, 21, 10, 7, 36]
288:[84, 17, 3, 2, 28]
289:[82, 38, 37, 56]
290:[91, 5, 7, 68]
291:[22, 0, 2, 27]
292:[79, 3, 56, 37, 72]
293:[36, 5, 14]
294:[15, 81, 9]
295:[94, 37, 10, 7, 13, 47]
296:[96, 14, 34, 52, 31]
297:[43, 1, 6, 34]
298:[57, 17, 6, 10, 21]
299:[5, 7, 78]
300:[80, 0, 42, 17, 74]
301:[8, 2, 1, 90]
302:[71, 13, 7, 10, 21]
303:[33, 22, 45]
304:[43, 1, 51]
305:[25, 20, 11, 23]
306:[32, 6, 34, 46]
307:[41, 6, 5, 37, 55]
308:[10, 7, 13]
309:[81, 9, 6, 5]
310:[53, 17, 6, 5, 98]
311:[47, 13, 11, 23, 41]
312:[20, 2, 0, 5, 91]
313:[6, 1, 40, 70]
314:[46, 7]
315:[21, 14, 5, 0]
316:[46, 7, 3, 2, 19]
317:[53, 62, 86, 49]
318:[37, 56]
319:[90, 1, 43]
320:[87, 37, 94, 97]
321:[40, 2, 8, 39]
322:[97, 84, 17, 57]
323:[82, 38, 74, 17, 53]
324:[23, 11, 1, 3, 61, 88]
325:[43, 1, 2, 25]
326:[95, 23, 11, 7]
327:[76, 6, 34]
328:[63, 9, 81, 15]
329:[51, 1, 2, 0]
330:[18, 6, 34, 52, 93]
331:[53, 4, 1, 43]
332:[21, 10, 6, 17, 26]
333:[78, 7, 3, 79, 49]
334:[83, 22, 5, 6, 77]
335:[16, 1, 5, 22, 83]
336:[35, 6, 9, 81]
337:[4, 1, 3, 9]
338:[31, 12, 3, 61, 88]
339:[81, 15, 13, 11]
340:[2, 1, 11]
341:[2, 1, 6, 34]
342:[18, 9, 3, 2, 19]
343:[63, 40, 2]
344:[18, 6]
345:[68, 3, 9, 63]
346:[88, 49, 32, 6, 5]
347:[93, 52, 34, 6, 32, 49, 88]
348:[62, 53, 17, 3, 56]
349:[30, 17, 3, 44]
350:[64, 46, 7, 29]
351:[10, 6, 17, 42]
352:[97, 84, 17, 3, 9, 63]
353:[90, 11, 7, 69]
354:[59, 1, 5, 37, 55]
355:[47, 13, 7, 78, 38]
356:[17, 3, 44, 58]
357:[57, 1, 5, 98]
358:[93, 52, 34, 6, 17, 42]
359:[75, 45, 3]
360:[44, 3, 2, 20]
361:[98, 5, 1, 12, 31]
362:[37, 87, 40, 70]
363:[97, 84, 17, 42, 0, 80]
364:[81, 15, 7, 78]
365:[55, 37, 5, 22, 45]
366:[88, 49, 80]
367:[65, 1, 2, 19, 30]
368:[53, 17, 6, 51]
369:[62, 22, 5]
370:[3, 56, 37, 55]
371:[78, 7, 3, 2, 89]
372:[44, 3, 1, 43]
373:[66, 18, 9, 81, 96]
374:[28, 0, 5, 7, 29, 92]
375:[61, 3, 1, 16]
376:[13, 7, 5]
377:[42, 17, 6, 77]
378:[93, 52, 31, 30]
379:[56, 3, 8, 26]
380:[45, 3, 17, 53]
381:[12, 3, 45, 50]
382:[31, 30, 17, 84, 97]
383:[6, 1, 3, 45, 50]
384:[32, 6, 1, 3]
385:[8, 2, 25]
386:[65, 1, 2, 19]
387:[57, 1, 5, 23]
388:[57, 17, 3, 8, 39]
389:[14, 34, 60]
390:[15, 13, 54, 34, 52]
391:[37, 5, 36]
392:[33, 22, 5, 7, 69]
393:[68, 3, 1, 59]
394:[79, 3, 9, 18, 66]
395:[18, 9, 3, 7, 29]
396:[29, 7, 3]
397:[45, 3, 9, 81, 96]
398:[46, 34, 52, 31]
399:[23, 5, 6]
400:[55, 21, 10, 7, 29]
401:[13, 11, 1, 6, 35]
402:[34, 54, 13]
403:[2, 3]
404:[78, 7, 13]
405:[86, 49, 40, 87, 37]
406:[39, 76, 6, 10]
407:[3, 12, 31]
408:[82, 21, 10, 7, 46]
409:[94, 74, 17, 3, 2, 20]
410:[24, 8, 2, 40, 70]
411:[69, 13, 11, 23, 41]
412:[47, 13, 11]
413:[68, 3]
414:[34, 14, 5, 22]
415:[58, 37, 10, 6, 67]
416:[95, 23, 5, 6, 17, 26]
417:[71, 13, 7, 10, 21, 85]
418:[40, 63, 9]
419:[13, 7, 3, 17, 30]
420:[32, 6, 1, 3, 24]
421:[17, 6, 60]
422:[22, 5, 7, 44]
423:[96, 14, 10, 37, 94, 97]
424:[96, 14, 34, 60]
425:[11, 7, 10]
426:[45, 3, 2, 20]
427:[80, 0, 2, 3, 56]
428:[62, 53, 17, 30, 19]
429:[55, 37, 48]
430:[94, 37, 10, 7, 15]
431:[90, 11, 23]
432:[17, 30, 31]
433:[3, 1, 5]
434:[51, 1, 3, 79]
435:[56, 3, 45, 22]
436:[42, 0, 5, 37, 58]
437:[21, 14, 96, 81]
438:[46, 7, 5, 22, 33]
439:[50, 45, 3, 44]
440:[41, 6, 18]
441:[28, 0, 22, 45, 75]
442:[20, 2, 40, 49, 86]
443:[76, 6, 9, 81]
444:[21, 10, 7, 46]
445:[63, 40, 1, 5, 91]
446:[50, 45, 3, 7, 13, 54, 93]
447:[50, 45, 3, 2, 25, 71]
448:[63, 9, 6, 34, 52, 93]
449:[78, 7, 15, 32]
450:[74, 38, 37]
451:[27, 2, 1, 6]
452:[61, 8, 19]
453:[68, 3, 1, 51]
454:[79, 3, 45]
455:[27, 2, 8]
456:[92, 29, 7, 10, 21]
457:[84, 17, 53, 4]
458:[71, 13, 7, 78]
459:[44, 3, 8, 39]
460:[53, 17, 26]
461:[89, 32, 6, 10, 21, 85]
462:[40, 1, 3, 56]
463:[42, 0, 22, 62, 73]
464:[24, 8, 2, 89, 32, 73]
465:[32, 15, 7]
466:[93, 52, 34, 6, 41]
467:[55, 21, 10, 6]
468:[29, 13, 15]
469:[68, 7, 5, 23]
470:[95, 71, 13, 54]
471:[92, 29, 7, 5, 22]
472:[93, 52, 34, 14, 10, 37, 48]
473:[84, 17, 3, 7, 13]
474:[24, 8, 2, 0, 80]
475:[82, 21, 10, 6, 76, 39]
476:[23, 5, 22, 45]
477:[59, 12, 31, 30]
478:[3, 45, 50]
479:[25, 2, 0, 22, 83]
480:[44, 58, 37, 72]
481:[89, 32, 6, 10, 21, 82]
482:[42, 0, 22, 62, 73]
483:[79, 3, 1, 5, 91]
484:[28, 2]
485:[27, 2, 40]
486:[65, 1, 40, 49, 86]
487:[77, 6, 5, 22, 33]
488:[76, 6, 1, 40, 70]
489:[58, 44, 7, 46, 64]
490:[71, 25, 2, 19, 30]
491:[68, 7, 29]
492:[10, 14, 96]
493:[10, 6, 9, 63]
494:[35, 6, 1, 3, 68]
495:[30, 17, 3, 7, 29]
496:[12, 1, 11, 13]
497:[27, 11, 23, 95]
498:[69, 7, 5, 6, 35]
499:[86, 49, 40, 1, 90]
500:[15, 13, 29, 92]
501:[74, 17, 3, 61]
502:[27, 11, 7, 10, 21]
503:[82, 38, 16]
504:[96, 14, 34, 52]
505:[77, 6, 5, 22, 83]
506:[95, 23, 5, 6]
507:[23, 11, 7, 10]
508:[43, 1, 3, 79]
509:[78, 7, 5, 0]
510:[22, 0, 2, 40, 70]
511:[68, 3, 1, 6]
512:[77, 49, 40, 2, 20]
513:[79, 49, 32, 6, 60]
514:[83, 22, 62]
515:[79, 3, 1, 65]
516:[73, 32, 6, 34, 52, 93]
517:[21, 10, 6, 18]
518:[34, 6, 41]
519:[25, 2, 3, 7, 78]
520:[43, 1, 6, 34, 54]
521:[95, 23, 11, 1, 3, 61]
522:[79, 3, 1, 5, 14]
523:[12, 1, 5, 91]
524:[77, 6, 1, 43]
525:[45, 22, 62, 73]
526:[4, 2, 19]
527:[64, 46, 34, 6, 17, 74]
528:[53, 17, 6, 5]
529:[75, 63, 40, 49, 77]
530:[46, 34, 52]
531:[23, 11, 7, 69]
532:[35, 6, 1, 43]
533:[28, 2, 1, 12]
534:[46, 7, 11, 20]
535:[12, 1, 2]
536:[34, 6, 1, 2, 27]
537:[76, 6, 1, 16]
538:[2, 19]
539:[33, 22, 5, 37, 38]
540:[77, 6, 5, 22]
541:[42, 17, 3, 12]
542:[48, 37, 56, 3]
543:[95, 23, 5, 22, 45, 50]
544:[32, 6, 1, 3, 24]
545:[76, 6, 1, 3, 79]
546:[28, 2, 3, 79]
547:[94, 37, 5, 22, 33]
548:[49, 40, 63, 75]
549:[66, 23, 11]
550:[57, 1, 5, 98]
551:[19, 2, 20]
552:[96, 14, 5, 0, 28]
553:[37, 5, 1, 59]
554:[98, 89, 2, 8, 26]
555:[76, 6, 5, 7, 78]
556:[78, 7]
557:[42, 17, 3, 61]
558:[40, 1, 16, 38, 82]
559:[91, 5, 0, 2, 19]
560:[10, 6, 17]
561:[60, 34, 52, 93]
562:[4, 1, 65]
563:[90, 1, 5, 14, 96]
564:[84, 17, 53, 62]
565:[80, 0, 22, 83]
566:[92, 29, 7, 3, 61]
567:[17, 6, 76]
568:[31, 52, 34, 14]
569:[27, 2, 1, 6, 34]
570:[4, 1, 3, 79]
571:[10, 6, 32, 49]
572:[2, 3, 7, 78]
573:[99, 37, 38, 43]
574:[94, 74, 17, 6]
575:[34, 6, 1, 11]
576:[55, 37, 5, 1]
577:[6, 10, 21, 82]
578:[74, 17, 3, 24]
579:[68, 3, 45, 22, 83]
580:[46, 7, 3, 12]
581:[11, 1, 3, 17, 84, 97]
582:[72, 37, 10, 7, 13]
583:[42, 0, 22, 45, 50]
584:[11, 1, 2, 0, 80]
585:[53, 17, 3, 24]
586:[5, 0, 80]
587:[77, 49, 79, 3, 56]
588:[9, 6, 34, 52]
589:[99, 6, 1, 2, 19]
590:[38, 37, 5, 98]
591:[74, 17, 6, 76]
592:[13, 7, 3, 61]
593:[1, 6, 60]
594:[97, 84, 17, 3, 2, 20]
595:[28, 0, 5, 6, 34, 52, 93]
596:[74, 17, 3, 2, 20]
597:[71, 95]
598:[89, 2, 1, 11]
599:[7, 3, 17, 42]
600:[59, 1, 6, 32]
601:[57, 17, 6]
602:[8, 2, 40, 63]
603:[45, 3, 61]
604:[75, 45, 3, 8, 26]
605:[30, 17, 3, 9, 81, 96]
606:[80, 0, 5, 7, 29]
607:[61, 3, 1, 51]
608:[7, 3, 79]
609:[54, 34, 6, 18]
610:[29, 7, 46, 64]
611:[84, 17, 6, 34, 52, 93]
612:[25, 2, 3, 9, 81]
613:[46, 7, 11, 20]
614:[93, 52, 34, 14, 21]
615:[13, 11, 90]
616:[31, 12, 59]
617:[99, 37, 5, 22, 45]
618:[44, 7, 15]
619:[69, 13, 15]
620:[24, 3, 7, 13, 47]
621:[64, 46, 34, 91]
622:[89, 2, 4]
623:[13, 11, 1, 6]
624:[14, 10, 7, 29]
625:[32, 49, 79]
626:[96, 81, 9, 3, 17, 53]
627:[7, 3, 9]
628:[25, 2, 3, 17, 84]
629:[60, 6, 5, 22]
630:[11, 1, 40, 49]
631:[84, 17, 6, 99]
632:[14, 10, 7, 44]
633:[98, 5, 22, 33]
634:[14, 10, 7, 29]
635:[53, 17, 3, 7, 46, 64]
636:[24, 3, 17, 53]
637:[85, 84, 76, 39]
638:[82, 38, 16, 1, 2]
639:[63, 40, 2, 19]
640:[48, 38, 74, 17]
641:[81, 9, 3, 8]
642:[50, 45, 22, 62]
643:[2, 40, 87]
644:[20, 2, 4]
645:[84, 17, 3, 7, 36]
646:[99, 6, 32, 49]
647:[14, 5, 22, 33]
648:[43, 1, 3, 17, 84]
649:[19, 2, 0, 22, 33]
650:[6, 34]
651:[13, 11, 27]
652:[32, 6, 17, 30]
653:[65, 1, 2, 19, 30]
654:[90, 1, 6, 60]
655:[33, 23, 11, 90]
656:[18, 6, 1, 11]
657:[1, 3, 56]
658:[21, 10, 7, 11, 20]
659:[39, 8, 3, 9, 81]
660:[71, 25, 2, 1, 6, 67]
661:[26, 17, 6, 32]
662:[93, 52, 34, 60]
663:[72, 38, 16, 9]
664:[15, 81, 9, 63]
665:[2, 1, 57]
666:[25, 2, 0, 22, 33]
667:[77, 6, 5, 37, 55]
668:[42, 0, 5, 23, 66]
669:[97, 84, 85, 21]
670:[61, 3, 56, 37]
671:[15, 7, 3, 8, 26]
672:[1, 3, 17, 84]
673:[34, 6, 1, 2, 20]
674:[40, 1, 6, 10]
675:[84, 17, 3, 24]
676:[44, 58, 37, 94]
677:[12, 3, 7, 15]
678:[13, 7, 3, 45, 50]
679:[15, 81]
680:[43, 1, 2, 25, 71]
681:[86, 49, 40, 1, 12]
682:[60, 34, 14, 21, 82]
683:[64, 46, 7, 3, 56]
684:[55, 21, 10]
685:[10, 6, 1, 59]
686:[70, 40, 87, 37, 94]
687:[17, 6, 34]
688:[82, 38, 16, 1, 59]
689:[5, 37, 56]
690:[40, 1, 16]
691:[53, 17, 6, 5, 14]
692:[96, 14, 5, 23]
693:[22, 5, 7, 68]
694:[77, 6, 67]
695:[80, 0, 42, 17, 84]
696:[7, 11, 90]
697:[79, 3, 12, 31, 52]
698:[56, 37, 58]
699:[9, 3, 1]
700:[52, 31, 12, 3, 56]
701:[2, 0, 5, 36]
702:[70, 40, 1]
703:[9, 3, 44, 58]
704:[64, 46, 7, 78]
705:[46, 7, 15]
706:[73, 32, 15, 7, 44]
707:[93, 52, 34, 14, 10]
708:[60, 34]
709:[8, 2, 4, 53]
710:[20, 2, 1, 6, 60]
711:[76, 6, 1, 2, 20]
712:[55, 21, 14]
713:[92, 29, 7, 3, 79]
714:[48, 37, 10, 7, 11]
715:[79, 3, 1, 16]
716:[85, 21, 10, 7, 29, 92]
717:[72, 37, 10, 6, 67]
718:[28, 2]
719:[75, 45, 3, 12, 31]
720:[70, 63, 75, 45]
721:[7, 15, 32]
722:[68, 3, 44]
723:[87, 40, 2, 28]
724:[68, 3, 17, 74]
725:[72, 37, 87]
726:[60, 6, 5, 37]
727:[29, 13, 15, 32, 49]
728:[39, 8, 2, 0, 22, 62]
729:[8, 2, 1, 51]
730:[84, 76, 39]
731:[2, 1, 6, 99]
732:[49, 32, 15]
733:[16, 38, 74]
734:[71, 25, 2, 8, 26]
735:[42, 0, 5, 37, 58]
736:[8, 26]
737:[71, 25, 2, 27]
738:[53, 17, 6, 34, 52]
739:[76, 6, 5, 98]
740:[2, 4]
741:[78, 38, 16, 65]
742:[37, 56, 3, 61]
743:[70, 40, 2]
744:[81, 9, 63, 40]
745:[61, 3, 9, 18, 66]
746:[97, 84, 17, 6, 18, 66]
747:[44, 3, 17]
748:[14, 10, 7, 11, 20]
749:[82, 21, 10, 6, 76]
750:[58, 44, 7, 11]
751:[71, 13, 7, 10, 21, 85]
752:[77, 6, 18]
753:[13, 7, 3, 45, 50]
754:[16, 1, 40, 87]
755:[48, 37, 5, 1, 12, 31]
756:[91, 34, 6, 17, 26]
757:[59, 1]
758:[40, 49, 32, 73]
759:[61, 3, 45, 22, 83]
760:[38, 37, 5, 22, 33]
761:[47, 13, 15, 32, 49, 86]
762:[70, 40, 1, 5, 98]
763:[0, 22, 33]
764:[17, 3, 56, 37, 55]
765:[23, 5, 6, 17, 84]
766:[96, 81, 9, 3, 2, 25]
767:[24, 3, 17, 84, 97]
768:[8, 2, 0, 22]
769:[16, 38, 37]
770:[16, 9, 3, 17]
771:[18, 6, 17, 53]
772:[10, 37, 94, 97]
773:[74, 17, 3, 1]
774:[49, 32, 6, 9]
775:[90, 1, 2, 89]
776:[57, 17, 84, 85]
777:[90, 11, 7]
778:[59, 1, 2, 8]
779:[98, 5, 7, 13, 47]
780:[4, 2, 8]
781:[9, 6, 34, 54]
782:[28, 0, 5, 6, 10]
783:[70, 40, 87, 37, 55]
784:[93, 52, 34, 46, 64]
785:[0, 2, 1, 11]
786:[50, 38, 82, 21, 85]
787:[2, 3, 56]
788:[80, 0, 22, 45, 75]
789:[96, 14, 34, 60]
790:[91, 5, 0, 2, 8]
791:[82, 21, 14, 5, 22, 62]
792:[14, 10, 6, 76, 39]
793:[61, 3, 7, 36]
794:[99, 37, 5, 0]
795:[69, 7, 5, 37, 87]
796:[13, 7, 3, 17, 42]
797:[80, 0, 5, 14, 21, 85]
798:[8, 2, 1, 6, 77]
799:[46, 7, 3, 56]
