0:[90, 1, 2, 89]
1:[61, 8, 2, 28]
2:[4, 1, 5, 23, 95]
3:[38, 16, 9, 6, 32]
4:[11, 13, 54, 93]
5:[52, 34, 6, 9, 63, 75]
6:[53, 17, 6, 51]
7:[15, 32, 6, 77]
8:[87, 40, 1, 16]
9:[63, 75, 45, 22, 83]
10:[13, 11, 1, 4]
11:[57, 17, 3, 56]
12:[90, 1, 6]
13:[96, 81, 9, 3, 2]
14:[95, 23, 5, 6, 67]
15:[66, 18, 9, 3, 8]
16:[76, 6, 1, 2, 28]
17:[43, 1, 6, 32]
18:[68, 3, 2, 27]
19:[89, 98, 5, 37]
20:[82, 21, 10, 6, 32, 89]
21:[82, 38, 74, 17, 26]
22:[4, 1, 6, 34, 52, 93]
23:[35, 6, 9, 81]
24:[34, 6, 1, 2, 20]
25:[34, 46, 7, 69]
26:[59, 1, 6, 99]
27:[92, 29, 7, 3, 2]
28:[87, 40, 2]
29:[16, 9, 6, 99]
30:[96, 81, 15, 32, 89]
31:[77, 6, 10]
32:[92, 29, 7, 3, 8, 26]
33:[13, 7, 5, 0, 80]
34:[59, 1, 4, 53, 62]
35:[22, 5, 6, 9]
36:[26, 17, 6, 35]
37:[69, 13, 29]
38:[95, 23, 11, 90]
39:[87, 40, 1]
40:[23, 11, 7, 68]
41:[9, 3, 61]
42:[14, 5, 0, 42]
43:[98, 89, 2]
44:[45, 3]
45:[53, 17, 6, 99]
46:[85, 21, 10, 7, 15]
47:[98, 5, 7, 46, 64]
48:[26, 8, 2, 89]
49:[7, 10, 21, 82]
50:[62, 22, 5, 14]
51:[70, 63]
52:[94, 37, 5, 0]
53:[56, 3, 79, 49]
54:[8, 2, 1, 65]
55:[72, 38, 50]
56:[73, 32, 89, 2, 19]
57:[96, 14, 5, 36]
58:[24, 3, 45, 75]
59:[21, 10, 6, 17, 30]
60:[42, 17, 6, 34]
61:[97, 84, 17, 3, 2, 25]
62:[79, 49, 40, 70]
63:[11, 13, 71]
64:[62, 22, 5, 37, 72]
65:[32, 49, 40]
66:[59, 1, 5, 98]
67:[61, 3, 1, 6, 41]
68:[56, 3, 1, 40]
69:[42, 0, 2, 1, 65]
70:[34, 14, 5, 0]
71:[46, 34, 6, 32, 89]
72:[60, 34, 46, 7, 78]
73:[67, 6, 17, 84]
74:[75, 45, 50, 38, 72]
75:[0, 2, 8]
76:[36, 7, 3, 61]
77:[95, 23, 33]
78:[64, 46, 7]
79:[78, 38, 82, 21, 85]
80:[93, 52, 34, 14, 10, 37, 48]
81:[16, 1, 51]
82:[39, 8, 2, 89]
83:[75, 45, 3, 1, 11]
84:[24, 3, 79]
85:[27, 2, 0, 5, 37, 94]
86:[9, 3, 79]
87:[34, 6, 32, 15]
88:[92, 29, 13, 11, 90]
89:[96, 81, 9, 18, 66]
90:[17, 3, 7, 69]
91:[72, 38, 50, 45, 75]
92:[64, 46, 7, 3, 45, 50]
93:[95, 23, 11, 27, 39]
94:[34, 14, 5, 23, 95]
95:[51, 1, 65]
96:[17, 6, 18, 66]
97:[42, 17, 6, 34, 52]
98:[9, 3, 17, 74]
99:[63, 9, 6, 67]
100:[18, 6, 17, 30]
101:[92, 54, 34, 52]
102:[24, 3, 1]
103:[2, 0, 5, 37, 48]
104:[30, 17, 3, 45, 22, 83]
105:[25, 2, 3, 24]
106:[75, 45, 3, 8]
107:[56, 3, 8]
108:[46, 34, 14]
109:[81, 9, 6, 10]
110:[10, 6, 77]
111:[50, 45, 3, 9, 81]
112:[64, 46, 34, 14, 96]
113:[98, 5, 37, 72]
114:[86, 49, 40, 1, 90]
115:[12, 1, 5, 14, 21]
116:[2, 1, 6, 35]
117:[3, 7, 78]
118:[26, 17, 74, 94]
119:[82, 21, 14, 96]
120:[24, 3, 56, 37, 55]
121:[73, 32, 15, 7, 78]
122:[13, 11, 1, 4, 53]
123:[67, 6, 1, 11]
124:[4, 1, 40, 70]
125:[14, 10, 6, 32]
126:[30, 17, 53, 4]
127:[85, 84, 76, 39, 64]
128:[2, 3, 7, 29, 92]
129:[92, 54, 34, 6, 18]
130:[22, 5, 1, 11]
131:[88, 49, 32, 6, 5, 14]
132:[94, 74, 17, 6, 67]
133:[92, 29, 7, 3]
134:[23, 5, 6, 67]
135:[18, 6, 17, 74]
136:[43, 1, 4, 53]
137:[79, 49, 40, 63]
138:[62, 53, 17, 6, 10]
139:[77, 6, 17]
140:[33, 22, 0, 28]
141:[73, 32, 15, 13, 47]
142:[63, 9, 3, 24]
143:[27, 2, 1, 16]
144:[5, 6, 18]
145:[15, 13, 11, 23]
146:[50, 45, 22, 62, 73]
147:[32, 89, 98]
148:[89, 32, 6, 41]
149:[68, 3, 45, 75]
150:[93, 54, 13, 29]
151:[19, 8, 3, 45, 50]
152:[95, 23, 11, 1, 40, 63]
153:[46, 34, 6, 17, 84, 97]
154:[30, 17, 6, 18, 66]
155:[63, 9, 3, 7]
156:[22, 5, 1, 51]
157:[40, 1, 11, 13, 47]
158:[66, 23, 11, 20, 25]
159:[70, 40, 1, 6, 76]
160:[73, 32, 6, 34, 46, 64]
161:[72, 38, 50]
162:[34, 52, 31]
163:[39, 8, 2, 1, 16, 38]
164:[11, 7, 46, 64]
165:[95, 23, 5, 6, 34, 52]
166:[88, 49, 32]
167:[6, 18]
168:[80, 0, 5, 91]
169:[49, 32, 6, 17, 30]
170:[92, 29, 13, 11, 1, 65]
171:[61, 88]
172:[31, 12, 1, 5, 23, 95]
173:[50, 45, 3, 2, 27]
174:[99, 6, 67]
175:[72, 37, 10, 7, 46]
176:[68, 3, 2, 0]
177:[40, 1, 6, 10]
178:[34, 6, 1, 2, 25]
179:[60, 6, 51]
180:[75, 45, 22, 5, 14]
181:[85, 84, 76, 39, 64]
182:[21, 10, 6, 1, 90]
183:[25, 2]
184:[51, 1, 90]
185:[22, 5, 6, 9, 81]
186:[64, 46, 7, 3, 45, 50]
187:[62, 22, 33]
188:[40, 1, 3, 17, 84, 85]
189:[17, 3, 2, 27]
190:[79, 3, 1, 43]
191:[21, 14, 5, 23]
192:[58, 44, 3, 79, 49, 86]
193:[98, 5, 0, 80]
194:[1, 5, 37, 94]
195:[89, 2, 3, 56]
196:[67, 6, 76]
197:[23, 5, 22, 45, 50]
198:[87, 40, 1, 65]
199:[67, 35, 14, 96]
200:[72, 37, 10, 6]
201:[59, 1, 2, 25]
202:[47, 13, 7, 3, 45, 75]
203:[79, 3, 2, 25, 71]
204:[63, 40, 87]
205:[49, 40, 1, 90]
206:[57, 17, 3, 24]
207:[25, 2, 0]
208:[84, 17, 3, 2, 25, 71]
209:[89, 32, 6, 18]
210:[93, 52, 34, 14, 10]
211:[6, 32, 73]
212:[72, 37, 5, 23]
213:[90, 1, 6, 76]
214:[2, 0, 5, 37, 94]
215:[37, 38, 82]
216:[63, 75, 45, 22]
217:[27, 2, 89, 32]
218:[85, 21, 10]
219:[15, 13, 11, 23]
220:[13, 7, 3, 8]
221:[68, 3, 79, 49]
222:[23, 5, 6, 17]
223:[12, 3, 7, 46, 64]
224:[66, 18, 6, 17]
225:[66, 18, 6, 99]
226:[26, 17, 6, 51]
227:[56, 3, 2, 89]
228:[26, 8, 2, 0, 22, 83]
229:[0, 5, 6]
230:[77, 49, 40, 63, 75]
231:[98, 89, 32, 49, 79]
232:[55, 21, 10, 6, 18]
233:[10, 37, 48]
234:[95, 71, 25]
235:[66, 23]
236:[35, 6, 5, 22, 62]
237:[98, 5, 37, 72]
238:[68, 3, 45, 22, 33]
239:[21, 10, 6, 76, 39]
240:[71, 25, 2, 0, 80]
241:[59, 1, 2, 19]
242:[51, 1, 90]
243:[31, 30, 17, 74, 94]
244:[28, 2, 1, 59]
245:[5, 6, 77]
246:[2, 0, 5, 14, 96]
247:[22, 0, 2, 40, 70]
248:[18, 9, 16]
249:[54, 34, 6, 18]
250:[86, 62, 22, 5, 36]
251:[44, 58, 37, 94]
252:[87, 37, 5, 91]
253:[82, 21, 85]
254:[21, 85]
255:[18, 6, 34, 54, 92]
256:[21, 10, 7, 13]
257:[78, 7, 46]
258:[6, 34, 52]
259:[29, 7, 5, 6, 76]
260:[40, 1, 5, 14, 21]
261:[83, 22, 5, 6, 34]
262:[9, 81]
263:[74, 17]
264:[74, 38, 78]
265:[80, 0, 22, 62]
266:[50, 45, 22, 5, 98]
267:[11, 1, 65]
268:[95, 71, 13]
269:[13, 7, 3, 9]
270:[24, 3, 1, 59]
271:[90, 11]
272:[40, 49, 86, 62]
273:[68, 3, 1, 6, 35]
274:[66, 18, 6, 1, 4]
275:[27, 2, 3, 44]
276:[28, 0, 5, 7, 15]
277:[24, 3, 1, 6, 35]
278:[6, 17, 74]
279:[59, 1, 16, 38]
280:[83, 22, 5, 37, 58]
281:[0, 2, 19, 30]
282:[97, 84, 17, 53]
283:[78, 38, 16, 1, 4]
284:[78, 38, 50, 45]
285:[71, 13, 54, 34]
286:[53, 17, 6, 18]
287:[92, 54, 34, 6, 51]
288:[66, 23, 95, 71]
289:[35, 14, 21, 85]
290:[88, 49, 80]
291:[35, 6, 5, 22, 83]
292:[0, 5, 6, 76]
293:[71, 25, 2, 1, 51]
294:[29, 13, 15]
295:[5, 6, 17, 74]
296:[23, 5, 37, 58]
297:[10, 7, 13, 47]
298:[26, 17, 74, 38, 82]
299:[39, 8, 2, 89]
300:[10, 6, 76, 39]
301:[26, 17, 6, 32]
302:[17, 3, 1, 40, 87]
303:[68, 3, 2, 27]
304:[91, 5, 36]
305:[99, 37, 87, 40]
306:[22, 0, 80]
307:[16, 9, 3, 8, 39]
308:[13, 7, 3, 56]
309:[58, 44, 3, 1, 59]
310:[40, 1, 3, 17, 74]
311:[3, 2, 20]
312:[21, 10, 7, 3, 45]
313:[6, 32, 49]
314:[52, 31, 12]
315:[56, 3, 79, 49]
316:[73, 32, 6, 5, 23, 95]
317:[67, 6, 32, 49, 86]
318:[45, 3, 12]
319:[9, 16, 38, 82]
320:[58, 44, 3, 1, 51]
321:[56, 3, 1, 6]
322:[64, 46, 7, 15, 81]
323:[99, 6, 67]
324:[22, 0, 2, 8]
325:[14, 10, 6, 17, 30]
326:[19, 8, 3, 56, 37, 72]
327:[60, 6, 9]
328:[82, 38, 16, 65]
329:[53, 17, 84, 97]
330:[57, 17]
331:[83, 22, 0, 2]
332:[62, 53, 17, 30, 31]
333:[5, 1, 12]
334:[24, 3, 1, 59]
335:[62, 53, 17, 6]
336:[65, 1, 40]
337:[25, 2, 40, 63]
338:[84, 17, 3, 1, 40]
339:[65, 1, 3, 24]
340:[76, 6, 99]
341:[79, 3, 24]
342:[92, 54, 34, 14, 96]
343:[63, 40, 49, 86, 62]
344:[96, 81, 9, 3, 45]
345:[83, 22, 62, 86]
346:[84, 17, 3]
347:[62, 53, 17, 30, 19]
348:[89, 32, 6, 17, 84]
349:[86, 49, 32, 6, 76]
350:[42, 17, 6, 34, 54]
351:[78, 7, 3, 2, 89]
352:[5, 1, 57]
353:[30, 17, 84, 97]
354:[96, 81, 9, 3, 8, 26]
355:[90, 1, 6, 67]
356:[30, 17, 3, 79, 49]
357:[33, 23, 95, 71]
358:[27, 11, 7, 29]
359:[61, 8, 39]
360:[80, 0, 5, 23, 66]
361:[60, 34, 46, 7, 69]
362:[87, 37]
363:[81, 15, 13, 71, 95]
364:[42, 17, 84, 97]
365:[68, 7, 13, 71]
366:[49, 32, 15, 7, 78]
367:[13, 11, 1, 6, 67]
368:[77, 6, 5]
369:[26, 8, 3, 12]
370:[12, 1, 16]
371:[29, 7, 5, 6]
372:[7, 5, 23, 66]
373:[78, 38, 37, 99]
374:[7, 15, 32, 73]
375:[99, 6, 67]
376:[96, 81, 9, 63, 40]
377:[2, 40]
378:[23, 5, 37]
379:[50, 45, 3, 2]
380:[26, 8, 2, 25, 71, 95]
381:[87, 40, 1, 3, 17]
382:[0, 2, 1]
383:[60, 6, 17]
384:[30, 17, 3, 79]
385:[70, 40, 87, 37, 94]
386:[61, 8, 2, 40, 87]
387:[56, 37, 5, 91]
388:[47, 13, 7, 10]
389:[44, 58, 37, 94]
390:[70, 63, 75, 45, 50]
391:[39, 8]
392:[90, 1, 6, 34]
393:[30, 19, 2, 20]
394:[16, 9, 3, 24]
395:[22, 45, 75, 63]
396:[48, 38, 82]
397:[49, 40]
398:[9, 3, 17]
399:[71, 25, 2, 1, 16]
