0:[15, 7, 3, 79]
1:[41, 23]
2:[26, 8, 2, 1, 43]
3:[10, 6, 1, 40, 70]
4:[38, 16, 1, 2, 19]
5:[42, 17]
6:[61, 88, 49, 77]
7:[9, 6, 35]
8:[40, 49, 77]
9:[53, 17, 3, 9, 81]
10:[52, 31, 12, 3, 61]
11:[96, 14, 5, 23]
12:[86, 62, 22]
13:[74, 17, 3, 2, 25, 71]
14:[47, 13, 11, 1, 40, 70]
15:[82, 21, 85, 84]
16:[59, 1, 3, 9]
17:[53, 17, 3, 9, 63]
18:[65, 1, 5, 22, 33]
19:[98, 89]
20:[87, 37, 10, 7, 46]
21:[63, 40, 2, 27]
22:[99, 37, 56, 3, 79]
23:[86, 49, 40, 1, 43]
24:[71, 25, 2, 4, 53]
25:[81, 9, 6, 51]
26:[78, 7, 5, 22, 33]
27:[24, 3, 1, 6, 35]
28:[64, 46, 34, 6, 9, 63]
29:[18, 9, 3, 61, 88]
30:[78, 38, 37, 94, 97]
31:[71, 13, 54, 34]
32:[52, 34, 14, 10, 37, 58]
33:[43, 1, 3, 9]
34:[60, 6, 32, 49]
35:[16, 1, 2, 89]
36:[16, 38, 37, 94, 97]
37:[23, 11, 7, 78]
38:[49, 79, 3, 44]
39:[33, 22, 5, 6, 10]
40:[96, 14, 21]
41:[15, 81, 9, 16]
42:[77, 6, 5, 91]
43:[91, 5, 0, 28]
44:[2, 3, 17, 84]
45:[62, 22, 0, 80]
46:[55, 37, 5, 0, 80]
47:[76, 6, 5, 37, 58]
48:[91, 5, 7]
49:[64, 46, 7, 5, 23]
50:[50, 45, 3, 9, 18]
51:[11, 1, 6]
52:[92, 29, 7, 3, 17, 84, 97]
53:[64, 46]
54:[67, 6, 1, 3, 45, 50]
55:[82, 38, 16, 1, 90]
56:[46, 7, 5]
57:[52, 34, 14, 96]
58:[3, 2, 0]
59:[11, 1, 3, 17, 74]
60:[80, 0, 2, 3, 44]
61:[36, 7, 11, 20]
62:[53, 17, 6, 41]
63:[96, 81, 9, 3, 8, 26]
64:[86, 49]
65:[94, 74, 17, 6]
66:[6, 1, 12, 31]
67:[61, 3, 7, 13, 54]
68:[59, 1, 3, 44, 58]
69:[91, 34, 6, 17, 84]
70:[5, 7, 46]
71:[40, 87, 37, 58]
72:[37, 5, 22, 45]
73:[2, 1, 43]
74:[28, 0, 80, 49]
75:[7, 13]
76:[74, 17, 3, 7, 29, 92]
77:[29, 13, 71, 95]
78:[82, 21, 14, 5, 0, 28]
79:[62, 53, 4, 2, 27]
80:[48, 37, 56, 3, 79]
81:[33, 22, 5, 1, 59]
82:[19, 2, 0, 22, 62]
83:[88, 49, 40, 63, 75]
84:[99, 6, 32, 73]
85:[34, 6, 76, 39]
86:[70, 40, 1]
87:[84, 17, 3, 1, 43]
88:[80, 0, 5, 6, 35]
89:[98, 5, 37, 58]
90:[34, 6, 67]
91:[46, 34, 6, 41]
92:[82, 21, 14, 5, 22, 33]
93:[25, 2, 1, 90]
94:[70, 40, 1, 3, 7, 46]
95:[7, 3, 17, 74]
96:[84, 17, 74, 38, 72]
97:[29, 13, 54, 34, 60]
98:[71, 25, 2, 3, 24]
99:[94, 74, 17, 6, 34, 52, 93]
