0:[52, 34, 6]
1:[73, 32, 6, 1, 59]
2:[38, 16, 9, 3, 24]
3:[95, 23, 5, 37, 94]
4:[4, 1, 90]
5:[22, 5, 7, 46]
6:[30, 17, 3, 1, 65]
7:[82, 21, 14, 5, 23]
8:[80, 0, 2, 19]
9:[55, 37, 56, 3, 79]
10:[44, 3, 2, 25]
11:[71, 25, 2, 3]
12:[77, 6, 76, 39]
13:[77, 6, 41]
14:[63, 40, 2, 8, 39]
15:[88, 49, 32, 6, 41]
16:[65, 1]
17:[8, 2, 1, 43]
18:[58, 44, 3, 12]
19:[70, 40, 1, 6, 41]
20:[5, 37, 94]
21:[67, 6, 1, 12]
22:[15, 7, 3, 24]
23:[38, 37, 5, 22, 33]
24:[42, 0, 22, 62, 86]
25:[31, 12, 3, 61, 88]
26:[47, 13, 15, 32, 49]
27:[55, 21, 10, 7, 29]
28:[7, 15, 81]
29:[55, 37, 38, 74]
30:[69, 7, 5, 14]
31:[24, 3, 45]
32:[7, 10, 21, 85]
33:[73, 32, 89, 2, 8]
34:[52, 34, 6, 1, 40, 70]
35:[56, 3, 45, 75]
36:[43, 1, 4, 53, 62]
37:[51, 6, 18, 66]
38:[69, 7, 10, 21, 82]
39:[18, 9, 3, 8]
40:[18, 6, 51]
41:[86, 62]
42:[13, 15, 32, 73]
43:[63, 40, 1, 90]
44:[45, 3, 7, 10]
45:[34, 54, 13]
46:[25, 2, 8, 39]
47:[93, 52, 34, 14, 10, 37, 94]
48:[49, 79, 3, 24]
49:[98, 5, 6, 41]
50:[1, 3, 44]
51:[98, 5, 0, 42]
52:[32, 49, 40, 87]
53:[23, 11, 1, 40, 70]
54:[43, 38, 37, 94, 97]
55:[41, 6, 34]
56:[9, 3, 17, 84]
57:[56, 3, 1, 90]
58:[89, 32, 6, 18, 66]
59:[5, 7, 44]
60:[50, 45, 3, 17]
61:[60, 6, 1, 2]
62:[16, 38, 48]
63:[56, 3, 17, 30]
64:[31, 52, 93]
65:[96, 81, 9, 3, 2]
66:[97, 84, 17, 3, 2]
67:[91, 5, 1, 3, 61]
68:[95, 23, 5, 6, 17, 84]
69:[86, 49, 32, 6, 34, 54]
70:[22, 83]
71:[91, 5, 22, 83]
72:[34, 14, 10, 37, 38]
73:[69, 7, 3, 9, 18]
74:[74, 94, 97]
75:[10, 7, 46, 64]
76:[61, 3, 1, 57]
77:[60, 6, 9, 81]
78:[3, 7, 69]
79:[0, 42]
80:[36, 5, 6, 17, 30]
81:[51, 1, 5, 22, 33]
82:[86, 49, 32, 15, 7, 78]
83:[71, 25, 2, 1, 16]
84:[14, 21, 85, 84]
85:[79, 3, 17, 84, 85]
86:[53, 62, 22, 83]
87:[24, 3, 17, 53, 62]
88:[88, 49, 32, 15, 13, 71]
89:[13, 11, 1, 40, 87]
90:[18, 6, 5, 0]
91:[32, 6, 17, 74]
92:[91, 5, 37, 72]
93:[6, 5, 91]
94:[30, 17, 3, 7]
95:[50, 38, 37, 58]
96:[75, 45, 3, 7, 46, 64]
97:[29, 7, 3, 45]
98:[94, 74, 17, 3]
99:[70, 40, 1, 5, 23, 95]
100:[39, 76, 6, 18]
101:[38, 74, 17]
102:[19, 2, 1, 90]
103:[53, 17, 3, 56, 37, 55]
104:[54, 34, 6, 51]
105:[97, 84, 17, 26]
106:[34, 46, 7, 29]
107:[14, 10, 7, 13, 71]
108:[80, 0, 2, 89]
109:[35, 6, 1, 40, 70]
110:[60, 6, 18, 66]
111:[65, 1, 12, 31]
112:[20, 2, 1, 6, 34, 52]
113:[52, 34, 6, 99]
114:[64, 46, 34, 6, 77]
115:[17, 3, 68]
116:[30, 17, 3, 24]
117:[31, 12, 1, 2, 89]
118:[82, 21, 10, 6]
119:[31, 30, 17]
120:[9, 6, 32]
121:[13, 11, 23, 83]
122:[49, 32, 6, 34, 54]
123:[99, 37, 38, 82]
124:[92, 29, 7, 5, 37, 48]
125:[12, 3, 8, 26]
126:[29, 13, 71]
127:[82, 21, 10, 7, 3]
128:[84, 17, 3, 7, 29, 92]
129:[29, 7, 5, 6, 99]
130:[48, 37, 10, 6, 32]
131:[63, 40, 87, 37, 58]
132:[19, 2, 89, 32]
133:[13, 11, 23, 33]
134:[60, 6, 5, 22, 83]
135:[75, 45, 3, 17, 42]
136:[3, 2, 28]
137:[82, 38, 74, 17, 26]
138:[82, 21, 14, 34, 52, 93]
139:[90, 1, 2, 0]
140:[44, 3, 9, 18, 66]
141:[75, 45, 22, 5, 98]
142:[37, 38]
143:[51, 1, 16]
144:[91, 5, 98, 89]
145:[27, 2, 3, 24]
146:[43, 1, 3, 24]
147:[49, 32, 6, 34, 52]
148:[97, 84, 17, 53, 4]
149:[43, 38, 78]
150:[99, 37, 10, 7, 69]
151:[80, 0, 42, 17, 84]
152:[4, 1, 6, 35]
153:[46, 34, 6, 9]
154:[20, 2, 89, 98]
155:[59, 1, 3, 17, 84]
156:[65, 1]
157:[88, 49, 32, 15, 13]
158:[53, 17, 3]
159:[96, 14, 5, 22]
160:[93, 52, 34, 14, 10, 37, 72]
161:[17, 30]
162:[91, 5, 37]
163:[71, 13, 7, 10, 21]
164:[17, 3, 7, 15]
165:[22, 45, 50]
166:[91, 5, 7, 15]
167:[47, 13, 7, 5]
168:[58, 37, 10, 6, 67]
169:[29, 7, 3, 45, 50]
170:[12, 1, 2]
171:[34, 46, 7, 78]
172:[36, 7, 13, 54]
173:[31, 12, 1, 5, 37]
174:[61, 3, 1, 65]
175:[66, 18, 6, 60]
176:[64, 46, 34, 6, 18]
177:[12, 1, 40, 87]
178:[25, 20]
179:[23, 5, 14, 21, 85]
180:[34, 14, 5]
181:[4, 1, 5, 23, 95]
182:[20, 2, 3, 44, 58]
183:[14, 5, 36]
184:[21, 82, 38]
185:[20, 2, 8, 39]
186:[82, 21, 10, 7, 3, 79]
187:[49, 32, 73]
188:[12, 1, 6, 32, 73]
189:[22, 5, 14]
190:[89, 32, 15, 13, 47]
191:[8, 3, 7, 29, 92]
192:[29, 7, 44]
193:[92, 54, 34, 6, 99]
194:[88, 49, 32, 6, 34, 52]
195:[54, 34, 6, 1]
196:[83, 23, 11, 13, 54, 93]
197:[66, 18, 6, 32, 49, 86]
198:[63, 40, 2, 0, 42]
199:[82, 38, 48]
200:[20, 2, 1, 16, 38, 82]
201:[54, 34, 6, 76, 39]
202:[63, 9, 16, 38, 82]
203:[61, 3, 1, 6, 67]
204:[64, 46, 7, 11]
205:[14, 96, 81]
206:[5, 7, 29, 92]
207:[10, 6, 34]
208:[88, 49, 32, 6, 18, 66]
209:[10, 37, 87]
210:[42, 0, 2, 40, 87]
211:[20, 2, 8, 26]
212:[34, 6, 1]
213:[68, 3, 17, 84]
214:[46, 7, 78]
215:[94, 37, 72]
216:[4, 1, 6, 76]
217:[47, 13, 7, 36]
218:[62, 53, 4, 2, 27]
219:[9, 3, 17, 74, 94]
220:[17, 3, 7]
221:[32, 15, 81, 96]
222:[30, 17, 3, 45, 50]
223:[62, 53, 17, 6]
224:[12, 1, 16]
225:[55, 21, 10, 6, 17]
226:[85, 84, 76, 39, 64]
227:[32, 6, 5, 37]
228:[82, 21, 10, 6, 32]
229:[37, 10]
230:[6, 5, 7, 69]
231:[7, 3, 79, 49]
232:[39, 64]
233:[0, 2, 1, 65]
234:[43, 1, 6, 99]
235:[29, 7, 3, 8]
236:[14, 10, 37, 38]
237:[26, 17, 57]
238:[76, 6, 1, 2, 25, 71]
239:[76, 6, 1, 43]
240:[20, 2, 0, 22, 62]
241:[65, 1, 4, 53]
242:[28, 0, 5, 6, 41]
243:[2, 0, 5, 36]
244:[2, 1, 6, 60]
245:[50, 45, 3, 1, 11]
246:[75, 45, 3, 7]
247:[77, 6, 5, 14]
248:[93, 52, 34, 14, 5, 0]
249:[49, 40, 1, 12, 31]
250:[77, 6, 41]
251:[62, 22, 5, 7, 69]
252:[49, 32, 6, 34, 54]
253:[26, 8, 2, 20]
254:[62, 53, 17, 3, 56]
255:[55, 37, 58, 44]
256:[83, 22, 5, 6, 32]
257:[45, 50, 38]
258:[8, 2, 1, 16]
259:[77, 6, 41]
260:[89, 2, 1, 90]
261:[93, 54, 13, 11, 23, 33]
262:[66, 18, 6, 32]
263:[22, 62, 53]
264:[8, 3, 7, 29]
265:[38, 16, 1, 90]
266:[76, 6, 5, 37, 55]
267:[7, 3, 17, 74]
268:[52, 34, 14, 10]
269:[14, 34]
270:[84, 17, 3, 7, 29]
271:[38, 37, 10]
272:[41, 6, 34, 54, 92]
273:[52, 34, 6, 32, 49, 88]
274:[58, 44, 3, 1, 4]
275:[76, 39, 8, 19]
276:[49, 80, 0, 22]
277:[60, 6, 41]
278:[86, 49, 32, 6, 34, 54, 92]
279:[18, 6, 5, 36]
280:[86, 49, 40, 87, 37]
281:[80, 0, 2, 3, 68]
282:[98, 89, 2, 40, 63]
283:[84, 97, 94, 37, 87]
284:[43, 1, 3, 79]
285:[40, 63, 75]
286:[31, 12, 3, 44, 58]
287:[97, 94, 74, 38, 16]
288:[76, 6, 34, 54, 92]
289:[44, 3, 45, 50]
290:[48, 37, 5, 0, 2]
291:[60, 6, 1, 3, 56]
292:[91, 5]
293:[45, 3, 2, 25, 71]
294:[63, 40, 1, 11, 13]
295:[37, 38, 43]
296:[0, 5, 7, 13, 47]
297:[93, 52, 34, 6, 17, 84, 97]
298:[21, 14]
299:[81, 9, 6, 5, 91]
