0:[42, 0, 5]
1:[79, 3, 1, 16]
2:[49, 40, 1, 57]
3:[46, 7, 5]
4:[9, 3, 2, 20]
5:[26, 8, 2, 25, 71]
6:[24, 3, 9]
7:[99, 37, 38]
8:[69, 13, 54, 34]
9:[15, 81]
10:[13, 7, 5, 37, 72]
11:[56, 3, 12, 31]
12:[8, 3, 7, 78]
13:[21, 14, 5, 0, 80]
14:[59, 1, 11, 13, 47]
15:[44, 3, 2]
16:[61, 3, 68]
17:[23, 11, 7, 46]
18:[15, 7, 3, 8]
19:[4, 53]
20:[56, 3, 7, 13, 47]
21:[16, 1, 4, 53]
22:[54, 93]
23:[37, 87, 40, 63]
24:[76, 6, 32, 49]
25:[30, 19, 2, 40, 87]
26:[23, 5, 37, 48]
27:[27, 2, 40, 63]
28:[17, 3]
29:[12, 1, 65]
30:[34, 6, 9, 63, 75]
31:[40, 70]
32:[97, 84, 17, 42]
33:[75, 45, 3, 7, 15]
34:[62, 53, 4, 1, 90]
35:[49, 32, 6, 35]
36:[35, 6, 76, 39]
37:[17, 6, 99]
38:[11, 1, 40, 87]
39:[28, 0, 5, 23, 66]
40:[8, 2, 28]
41:[36, 5, 1, 40, 63]
42:[12, 3, 9, 81]
43:[64, 46, 7, 5, 22, 83]
44:[50, 45, 3, 7, 29, 92]
45:[40, 49, 77]
46:[91, 5, 1, 40, 70]
47:[98, 5, 37, 56]
48:[61, 3, 17]
49:[67, 6, 5, 37, 58]
50:[87, 37, 10, 7, 46]
51:[15, 13, 11, 20]
52:[50, 45, 3, 1, 6, 34]
53:[9, 18]
54:[37, 10, 7, 46]
55:[39, 8, 3, 9, 81]
56:[35, 6, 1, 16, 38]
57:[14, 10, 6, 18]
58:[78, 7, 13, 54]
59:[79, 3, 7]
60:[64, 46, 7, 3, 45]
61:[85, 84, 17, 3, 79]
62:[15, 7, 3, 2, 19]
63:[9, 6, 5, 23]
64:[59, 12]
65:[14, 10, 37, 56]
66:[11, 1, 6, 32]
67:[56, 3, 2, 20]
68:[56, 3, 45, 75]
69:[18, 9, 3, 61, 88]
70:[57, 17, 42]
71:[65, 1, 2, 27]
72:[43, 1, 6, 34, 52]
73:[44, 7, 13, 71]
74:[98, 5, 6, 34]
75:[52, 34, 6, 17, 84, 97]
76:[59, 1, 2, 8, 39, 64]
77:[76, 6, 9, 63]
78:[33, 22, 5, 37, 94, 97]
79:[36, 5, 6, 76, 39]
80:[85, 21, 14, 5, 91]
81:[19, 2, 1, 6, 34]
82:[54, 34, 14, 96]
83:[16, 1, 11, 13, 47]
84:[45, 3, 1, 40, 87]
85:[62, 22, 5, 14, 21]
86:[79, 49, 80]
87:[8, 3, 7, 69]
88:[68, 7, 5, 23, 95]
89:[65, 1, 4, 53]
90:[56, 3, 7, 36]
91:[19, 2, 1, 90]
92:[9, 6, 5]
93:[34, 14, 10, 37, 58]
94:[26, 8, 61]
95:[27, 2, 1, 16, 38, 82]
96:[88, 49, 40, 1, 43]
97:[90, 1, 5, 98]
98:[64, 46, 7, 3, 79]
99:[59, 1, 57]
100:[25, 71, 13, 29, 92]
101:[93, 52, 31, 12, 3, 45]
102:[82, 21, 10, 7, 11, 27]
103:[42, 0, 22, 62]
104:[69, 7, 3, 17, 84, 97]
105:[60, 34, 14, 21, 55]
106:[22, 83]
107:[67, 6, 5, 7, 29]
108:[26, 8, 61]
109:[7, 3, 17, 30]
110:[86, 49, 40, 1]
111:[59, 1, 2, 25, 71]
112:[51, 1, 5, 22]
113:[21, 10, 6, 1, 57]
114:[49, 40, 1, 59]
115:[22, 5, 14, 96]
116:[77, 6, 34, 54, 92]
117:[14, 21, 85]
118:[20, 2, 0, 5, 91]
119:[26, 8, 3, 56]
120:[73, 32, 6, 1]
121:[64, 46, 7, 5, 22]
122:[89, 32, 15, 13, 29]
123:[53, 17, 6, 76]
124:[29, 7, 3, 79]
125:[55, 21, 10, 6, 32, 73]
126:[98, 5, 23, 95]
127:[10, 6, 5, 91]
128:[74, 17, 3, 7, 36]
129:[79, 3, 45, 22, 33]
130:[34, 6, 1, 4]
131:[82, 38, 16, 1]
132:[8, 2, 1, 16]
133:[91, 34, 46, 64]
134:[3, 56, 37, 48]
135:[24, 3, 9, 18]
136:[83, 22, 0, 2, 40, 70]
137:[18, 6, 5, 22]
138:[26, 8, 2, 27]
139:[21, 10, 37]
140:[11, 1, 5]
141:[79, 3, 17, 84, 97]
142:[72, 37, 10, 6, 41]
143:[54, 34, 6, 1, 2, 19]
144:[8, 3, 12, 31, 52]
145:[86, 49, 79, 3]
146:[22, 62]
147:[13, 11, 1, 2, 28]
148:[92, 29, 13, 11, 1]
149:[4, 1, 3, 68]
150:[64, 46, 7, 78, 38]
151:[14, 96]
152:[85, 21, 10, 7, 46]
153:[64, 46, 7, 15]
154:[0, 22, 62, 73]
155:[84, 17, 6, 34, 52]
156:[76, 6, 5, 14, 96]
157:[45, 3, 9, 18, 66]
158:[67, 6, 5, 0, 80]
159:[48, 37, 5, 22, 62]
160:[18, 6, 32, 73]
161:[32, 6, 10, 21, 82]
162:[32, 73, 62]
163:[75, 63, 40, 87]
164:[12, 1, 5, 37]
165:[80, 0, 42, 17, 84]
166:[93, 52, 34, 6, 1, 4]
167:[98, 5, 6, 41]
168:[64, 39, 8, 19, 30]
169:[17, 3, 45]
170:[9, 3]
171:[90, 1, 51]
172:[93, 54, 13, 15, 81]
173:[37, 5, 0, 42]
174:[92, 54, 34, 91]
175:[96, 81, 15, 32]
176:[66, 23, 95, 71]
177:[42, 0, 5, 14, 21]
178:[11, 1, 43]
179:[1, 6, 32]
180:[54, 34, 6, 1, 4]
181:[4, 1, 3, 24]
182:[64, 46, 7, 5, 22, 83]
183:[84, 85]
184:[19, 2, 1, 6, 41]
185:[7, 5, 37]
186:[11, 1, 6, 34, 52]
187:[30, 17, 26]
188:[82, 38, 50, 45]
189:[87, 40, 1, 65]
190:[59, 1, 3, 44, 58]
191:[30, 17, 6, 5, 14]
192:[54, 34, 60]
193:[66, 18, 6, 1, 57]
194:[18, 6, 1, 4]
195:[70, 40, 2, 8, 39, 64]
196:[70, 40, 1, 4, 53]
197:[23, 11, 1, 12]
198:[96, 81, 9, 3, 45, 50]
199:[82, 38, 37, 58]
200:[24, 3, 7, 78]
201:[61, 88, 49]
202:[98, 89, 2, 40, 63]
203:[89, 2, 1]
204:[95, 23, 5, 37, 38]
205:[13, 7, 10, 21, 82]
206:[48, 37, 10, 6, 32, 73]
207:[87, 40, 1, 3, 24]
208:[20, 2, 40]
209:[8, 2, 1, 51]
210:[11, 1, 3, 17]
211:[58, 44, 3, 2, 25]
212:[34, 6, 77]
213:[86, 49, 32, 6, 34, 52, 93]
214:[63, 40, 87, 37, 94, 97]
215:[54, 34, 6, 1, 2]
216:[92, 54, 34, 52]
217:[63, 9, 81]
218:[20, 2, 0, 5, 37, 94]
219:[68, 7, 13]
220:[85, 84, 17, 30]
221:[16, 9, 3, 7, 29, 92]
222:[53, 17, 3, 79]
223:[62, 53, 17, 6, 99]
224:[88, 61, 3, 17, 84, 97]
225:[29, 7, 10]
226:[85, 21, 10, 7, 29]
227:[10, 7, 29, 92]
228:[5, 1, 12]
229:[45, 3, 2, 19]
230:[65, 1, 6, 76]
231:[83, 23, 11, 27, 39]
232:[92, 29, 13, 15, 32, 89]
233:[63, 75, 45, 22, 83]
234:[72, 37, 56, 3, 8]
235:[99, 6, 35]
236:[7, 3, 2]
237:[69, 13, 15, 32]
238:[22, 5, 6, 34, 54]
239:[58, 44, 7, 46, 64]
240:[83, 22, 5, 1, 16]
241:[72, 37, 10, 6, 34, 52, 93]
242:[50, 45, 3, 1, 90]
243:[12, 1, 4, 53]
244:[41, 6, 32, 15]
245:[34, 6, 1, 90]
246:[15, 7, 10, 21, 85]
247:[65, 1, 2, 8]
248:[1, 3, 7, 29]
249:[29, 7]
250:[67, 6, 32, 49]
251:[39, 76, 6, 67]
252:[91, 5, 37, 55]
253:[51, 1, 3, 45]
254:[90, 1]
255:[18, 6, 1, 90]
256:[71, 13, 7, 5, 37, 55]
257:[0, 5, 23]
258:[0, 2, 8]
259:[58, 44, 7, 29, 92]
260:[16, 1, 5, 14]
261:[61, 3, 1, 5, 14]
262:[45, 3, 7, 78]
263:[6, 1, 11]
264:[7, 3, 17, 42]
265:[16, 9, 6, 41]
266:[13, 7, 44, 58]
267:[70, 40, 87, 37, 55]
268:[88, 49, 32, 15, 81, 96]
269:[97, 84, 17, 3, 1, 11]
270:[51, 1, 3]
271:[66, 18, 9, 63, 75]
272:[76, 6, 5, 0]
273:[1, 3, 7]
274:[99, 6, 17, 42]
275:[25, 20, 11]
276:[46, 34, 6, 32]
277:[45, 22, 5, 91]
278:[74, 17, 53, 4]
279:[60, 34, 14]
280:[25, 71, 13, 29]
281:[68, 7, 46, 64]
282:[72, 37, 48]
283:[59, 1, 2, 0]
284:[41, 6, 5, 37, 55]
285:[97, 84, 17, 3, 2]
286:[37, 5, 1, 12, 31]
287:[75, 45, 3, 7, 13]
288:[52, 31]
289:[39, 76, 6, 32]
290:[71, 13, 54]
291:[87, 40, 49, 32]
292:[97, 84, 17, 53]
293:[53, 62, 86]
294:[34, 6, 1, 2, 8]
295:[63, 9]
296:[85, 84, 17, 42, 0]
297:[34, 6, 1, 40, 70]
298:[23, 66]
299:[66, 18, 6]
300:[46, 7, 5, 23]
301:[88, 49, 32, 6, 5, 14]
302:[94, 74, 17, 6, 60]
303:[35, 6, 1, 40]
304:[98, 89, 2, 3, 61]
305:[19, 8, 61]
306:[2, 0, 5]
307:[90, 1]
308:[75, 45, 22, 5, 14]
309:[85, 21, 14, 5, 23, 95]
310:[46, 7, 5, 22]
311:[63, 75, 45, 22, 83]
312:[39, 76, 6, 41]
313:[68, 3, 12, 31]
314:[90, 1, 2, 28]
315:[85, 21, 14, 96]
316:[33, 22, 5, 37, 72]
317:[68, 3, 1, 6, 67]
318:[71, 95, 23, 33]
319:[16, 1, 5, 36]
320:[84, 17, 3, 7, 36]
321:[43, 1, 3, 17, 84]
322:[39, 8, 3, 7, 36]
323:[73, 32, 6, 34]
324:[52, 34, 6, 32, 15]
325:[47, 13, 11, 1, 57]
326:[9, 6, 5, 91]
327:[96, 81, 15, 32, 89]
328:[56, 3, 7, 46]
329:[41, 6, 32, 49, 88]
330:[70, 40, 2, 0]
331:[36, 7, 3, 8]
332:[21, 14, 5, 0, 80]
333:[63, 9, 3, 7, 69]
334:[59, 1, 6, 34, 54]
335:[62, 22, 45, 50]
336:[8, 2, 1, 57]
337:[67, 6, 1, 57]
338:[47, 13, 15, 32]
339:[45, 3, 56, 37]
340:[44, 7, 36]
341:[69, 13, 11, 23, 66]
342:[96, 81, 15, 13, 71]
343:[5, 98]
344:[51, 1, 59]
345:[39, 8, 3, 17]
346:[9, 63]
347:[26, 17, 6, 34, 52, 93]
348:[51, 6, 18, 66]
349:[93, 52, 34, 14, 21]
350:[51, 6, 10, 21]
351:[12, 1, 5, 14, 96]
352:[9, 3, 17, 53, 62]
353:[66, 18, 9, 3, 61, 88]
354:[57, 1, 12]
355:[45, 3, 1, 6, 76]
356:[23, 41]
357:[60, 6, 5, 22, 83]
358:[97, 84, 17, 3, 7, 46]
359:[74, 17, 30]
360:[62, 53]
361:[27, 2, 25, 71]
362:[46, 7, 5, 22]
363:[19, 8, 3, 7, 13, 47]
364:[46, 7, 3, 45, 75]
365:[79, 3, 7, 46, 64]
366:[86, 49, 40, 87]
367:[19, 2, 0]
368:[44, 7, 78]
369:[89, 2, 1, 90]
370:[33, 22, 5, 37, 48]
371:[74, 17, 6, 18, 66]
372:[28, 0, 22, 45]
373:[99, 6, 1, 90]
374:[56, 3, 9, 81]
375:[56, 3, 45, 22, 33]
376:[49, 32, 6, 10, 21, 85]
377:[48, 37]
378:[46, 7, 69]
379:[52, 34, 46, 7, 29]
380:[13, 7, 5]
381:[41, 23, 11, 13]
382:[20, 11, 90]
383:[6, 1, 12, 31]
384:[55, 21, 10, 7, 15]
385:[48, 37, 10, 7, 29]
386:[91, 5, 7, 44]
387:[53, 17, 3, 7, 15]
388:[18, 9]
389:[51, 1, 2, 27]
390:[95, 23, 5, 37, 55]
391:[36, 7, 15, 81]
392:[38, 16, 9, 81, 96]
393:[15, 13, 54, 34]
394:[44, 3, 2, 28]
395:[95, 23, 5, 98, 89]
396:[16, 9, 3, 17, 84]
397:[61, 3, 7, 13, 54, 93]
398:[54, 34, 14, 5, 22, 62]
399:[6, 1, 11]
400:[59, 1, 6]
401:[59, 1, 16, 38, 82]
402:[19, 2, 1, 6, 99]
403:[46, 34, 14, 35]
404:[82, 38, 16, 1, 2, 25]
405:[64, 46, 34, 6, 51]
406:[52, 34, 14, 10, 37, 48]
407:[69, 13, 71]
408:[85, 84, 17, 3, 1, 59]
409:[19, 2, 20]
410:[83, 22, 0, 80]
411:[76, 6, 1, 3, 45, 50]
412:[21, 10, 6, 1, 57]
413:[70, 63, 75, 45]
414:[35, 6, 34, 46]
415:[65, 1, 43]
416:[36, 5, 37, 55]
417:[17, 6, 77]
418:[4, 2, 8, 26]
419:[9, 6, 60]
420:[99, 37, 5, 22, 83]
421:[15, 32, 6, 99]
422:[68, 7, 13, 47]
423:[23, 5, 37, 94, 97]
424:[14, 5, 1, 12]
425:[28, 0, 80]
426:[9, 3, 44, 58]
427:[28, 2, 1, 12, 31]
428:[65, 1, 3, 61, 88]
429:[44, 7, 5, 23]
430:[16, 9, 6, 34, 52]
431:[3, 79, 49, 86]
432:[16, 65]
433:[62, 22, 5, 37, 58]
434:[69, 7, 78, 38]
435:[55, 21, 14, 34, 54]
436:[47, 13, 15, 32, 73]
437:[31, 30, 17, 84, 85]
438:[59, 1, 2, 8, 39, 64]
439:[28, 0, 22, 62]
440:[4, 1, 11]
441:[9, 6, 5]
442:[31, 12, 1, 6, 10]
443:[41, 6, 51]
444:[31, 12, 1, 16]
445:[18, 6, 17, 42]
446:[40, 1, 6, 34, 52, 93]
447:[9, 63, 75]
448:[71, 25, 2, 0, 22, 62]
449:[73, 32, 49]
450:[24, 8, 2, 25, 71]
451:[56, 37, 55]
452:[43, 1, 2, 19]
453:[36, 5, 37, 87]
454:[48, 38, 74]
455:[83, 22, 5, 37, 55]
456:[72, 38, 74, 17, 26]
457:[11, 90]
458:[71, 13, 7, 5, 37, 55]
459:[72, 37, 10, 6, 18]
460:[11, 7, 78]
461:[59, 1, 2, 8]
462:[49, 32, 15]
463:[59, 1, 6, 34]
464:[81, 15, 32, 73]
465:[13, 71]
466:[59, 1, 6, 18]
467:[88, 49, 32, 6, 41]
468:[50, 45, 3, 7, 13, 54]
469:[59, 1, 3, 17, 84]
470:[59, 1, 2, 25, 71]
471:[80, 0, 5, 14, 21, 85]
472:[51, 6, 10]
473:[48, 38, 16]
474:[9, 16, 38, 72]
475:[2, 3, 45, 75]
476:[12, 3, 45]
477:[28, 2, 1, 65]
478:[68, 7, 46, 34]
479:[60, 6, 5, 23, 95]
480:[8, 39]
481:[17, 3, 7, 13]
482:[93, 52, 34, 6, 9, 63]
483:[10, 6, 5, 23, 95]
484:[65, 1, 3, 7, 69]
485:[93, 52, 34, 14, 5]
486:[50, 38, 37, 10]
487:[1, 43]
488:[71, 25, 2, 3, 61]
489:[12, 3, 61]
490:[47, 13, 7, 68]
491:[11, 1, 3, 45, 75]
492:[88, 61, 3, 44, 58]
493:[12, 1, 4]
494:[18, 9, 3, 68]
495:[66, 18, 9, 81]
496:[67, 6, 5, 23, 95]
497:[46, 7, 3, 61]
498:[98, 5, 7, 29]
499:[53, 4, 1, 40, 87]
500:[10, 6, 41]
501:[40, 49, 32, 73]
502:[55, 37, 38, 78]
503:[72, 37, 5, 23]
504:[1, 2, 0]
505:[79, 3, 1, 65]
506:[86, 62, 22, 5, 23, 95]
507:[28, 0, 5, 7, 46]
508:[86, 49, 32, 15, 13, 29]
509:[27, 11, 7, 29, 92]
510:[53, 4, 2, 20]
511:[61, 3, 9, 18, 66]
512:[81, 15, 32, 73]
513:[52, 34, 14, 10, 37, 72]
514:[21, 10, 7, 29, 92]
515:[76, 6, 32, 89]
516:[38, 16, 9, 3]
517:[36, 5, 23, 95]
518:[11, 13, 54, 93]
519:[77, 6, 9]
520:[62, 53, 17]
521:[30, 17, 3, 7, 69]
522:[25, 2, 1, 6, 77]
523:[88, 61, 3, 7, 78]
524:[44, 7, 5, 23]
525:[31, 12, 1, 5, 23, 95]
526:[73, 32, 6, 1, 3]
527:[52, 31, 12, 3, 79]
528:[84, 17, 42, 0, 80]
529:[8, 2, 0, 22, 33]
530:[91, 34, 46]
531:[10, 6, 1, 40]
532:[94, 74, 17, 6, 18]
533:[92, 29, 13, 11, 1, 40, 70]
534:[42, 0, 2, 8]
535:[69, 7, 3, 2, 28]
536:[17, 3, 1, 11]
537:[51, 6, 34, 54, 92]
538:[69, 7, 3, 17, 53]
539:[22, 45, 3, 24]
540:[5, 22, 83]
541:[50, 45, 3, 44]
542:[63, 9, 3, 17]
543:[11, 1, 43]
544:[44, 3, 2, 19]
545:[79, 3, 7, 13, 47]
546:[25, 2, 0, 22, 62]
547:[51, 1, 3, 45, 50]
548:[63, 40, 1, 59]
549:[27, 2, 4]
550:[59, 1, 2, 0]
551:[83, 22, 5, 7, 46, 64]
552:[88, 49, 32, 6, 10, 21, 82]
553:[73, 62, 22, 45, 75]
554:[61, 3, 1, 6, 60]
555:[33, 22, 62, 53]
556:[51, 1, 3, 7, 29]
557:[73, 32, 6, 1, 12]
558:[18, 6, 5, 14]
559:[8, 2, 1, 90]
560:[80, 0, 42, 17, 74]
561:[11, 1, 6, 99]
562:[33, 22, 0, 2, 4]
563:[40, 2, 8, 39, 64]
564:[83, 22, 5, 14]
565:[12, 1, 16, 38]
566:[42, 0, 80]
567:[10, 7, 11, 20]
568:[99, 37, 5]
569:[8, 2, 0, 80]
570:[13, 69]
571:[81, 96, 14, 21, 85]
572:[74, 17, 3, 8]
573:[78, 7, 29, 92]
574:[30, 17, 26]
575:[33, 22, 5, 37, 72]
576:[20, 2, 1, 6, 76]
577:[88, 49, 32, 6, 99]
578:[98, 5, 0, 42]
579:[37, 87, 40]
580:[91, 5, 0, 2, 20]
581:[52, 31, 12, 3, 24]
582:[39, 64, 46]
583:[95, 23, 5, 0]
584:[64, 46, 34, 52]
585:[66, 23, 11]
586:[14, 5, 0, 2]
587:[15, 7, 3, 2]
588:[64, 46, 7, 3]
589:[84, 97, 94, 37]
590:[89, 32, 6, 34, 54]
591:[99, 6, 35]
592:[44, 3, 1]
593:[23, 11, 1, 2, 19]
594:[57, 17, 53, 62, 86]
595:[78, 7, 5, 91]
596:[47, 13, 54, 93]
597:[28, 0, 42, 17, 74]
598:[30, 17, 6, 34]
599:[68, 3, 12]
600:[22, 62, 53]
601:[72, 37, 87]
602:[11, 1, 5, 37]
603:[57, 17, 6, 32, 73]
604:[78, 38, 37]
605:[85, 21, 10, 7, 29]
606:[6, 99]
607:[53, 17, 3, 61, 88]
608:[90, 1, 6, 99]
609:[89, 32, 15, 13]
610:[87, 37, 94, 97, 84]
611:[80, 0, 5, 6, 41]
612:[98, 5, 37, 94, 97]
613:[35, 6, 17, 84, 97]
614:[46, 7, 3, 8]
615:[2, 25]
616:[60, 6, 18, 66]
617:[85, 84, 17, 30, 31]
618:[26, 8, 2, 40, 70]
619:[34, 6, 1, 59]
620:[57, 17, 6, 34, 54]
621:[18, 6]
622:[97, 84, 17, 53, 62]
623:[66, 18, 6, 10, 21, 85]
624:[75, 45, 3, 7, 15]
625:[8, 2, 0, 80]
626:[15, 7, 10]
627:[70, 40, 1, 5, 14]
628:[67, 6, 1, 40, 87]
629:[0, 2, 40, 63]
630:[54, 13, 11, 20]
631:[15, 32, 6, 41]
632:[17, 6, 32]
633:[14, 10, 7, 78]
634:[66, 18, 6, 1]
635:[90, 11, 23, 66]
636:[36, 5, 1, 90]
637:[61, 3, 1, 16, 38]
638:[7, 15, 81]
639:[4, 1, 5, 14]
640:[0, 5, 6, 34, 52, 93]
641:[56, 37, 10]
642:[54, 34, 6, 76]
643:[36, 7, 13, 54]
644:[88, 49, 32, 6, 5]
645:[18, 6, 5, 98]
646:[36, 5, 0, 42]
647:[64, 46, 34, 14, 21, 55]
648:[79, 3, 12]
649:[20, 2, 3, 17, 84]
650:[59, 1, 3, 9]
651:[42, 0, 2, 1, 59]
652:[36, 5, 6, 76]
653:[79, 3, 9, 18, 66]
654:[85, 84, 17, 6, 67]
655:[95, 23, 5, 37, 94, 97]
656:[24, 3, 45, 22]
657:[11, 1, 6, 76]
658:[22, 0, 42, 17]
659:[35, 6, 5, 22, 62]
660:[49, 40, 87, 37, 94]
661:[88, 49, 40, 1, 11]
662:[98, 5, 37, 94, 97]
663:[54, 34, 6, 17, 26]
664:[58, 44, 3, 17, 30]
665:[42, 17, 6, 34, 54]
666:[63, 40, 2, 8, 26]
667:[70, 40, 1, 5, 22, 83]
668:[51, 1, 2, 19]
669:[49, 32, 6, 17, 74]
670:[15, 7, 5, 91]
671:[89, 2, 3, 44, 58]
672:[39, 64, 46, 34, 91]
673:[5, 1, 59]
674:[62, 73, 32, 15]
675:[37, 72]
676:[9, 3, 17, 53, 62]
677:[32, 15, 13, 69]
678:[27, 2, 0, 5, 37, 72]
679:[91, 34, 6, 76, 39]
680:[86, 49, 40, 1, 43]
681:[40, 70]
682:[84, 17, 42]
683:[62, 22, 5, 7, 46]
684:[26, 8, 2, 20]
685:[74, 17, 6, 35]
686:[77, 6, 5, 37, 48]
687:[53, 4]
688:[38, 16, 1, 2]
689:[1, 3, 17]
690:[98, 89, 2, 3]
691:[13, 7, 36]
692:[72, 37, 10, 7, 15]
693:[30, 19, 2]
694:[45, 50, 38]
695:[30, 17, 53, 4]
696:[70, 40, 1, 51]
697:[55, 21, 10, 6, 17, 53]
698:[82, 21, 10, 6, 32, 73]
699:[94, 74, 17, 6]
700:[82, 38, 16, 1, 4]
701:[25, 2, 8]
702:[87, 37, 10]
703:[88, 49, 32, 15, 81, 96]
704:[27, 2, 89, 98]
705:[43, 1, 51]
706:[12, 1, 11, 13]
707:[75, 45, 22, 5]
708:[66, 18, 9, 81, 15]
709:[85, 21, 10, 7, 11]
710:[84, 97]
711:[57, 17, 3, 45, 50]
712:[56, 3, 7, 13, 47]
713:[71, 25, 2, 4]
714:[9, 6, 32, 73]
715:[56, 37, 55]
716:[14, 10, 7, 11]
717:[84, 17, 3, 2, 25]
718:[66, 18, 9, 16]
719:[4, 1, 6]
720:[56, 3, 9, 63]
721:[73, 32, 6, 18]
722:[7, 46, 34]
723:[86, 49, 40, 87, 37, 48]
724:[62, 22, 5, 7, 29]
725:[82, 21, 10, 7, 29, 92]
726:[97, 84, 17, 6, 34, 54]
727:[58, 37, 10, 21, 85]
728:[62, 53, 17, 3]
729:[8, 2, 0, 42]
730:[38, 50, 45]
731:[34, 6, 1, 3, 24]
732:[42, 17, 3, 79]
733:[45, 50]
734:[87, 40, 49, 86]
735:[33, 22, 5, 1, 57]
736:[77, 6, 10, 21, 85]
737:[98, 89, 2, 28]
738:[45, 3, 1, 6, 77]
739:[49, 80, 0, 22, 33]
740:[56, 3, 44]
741:[15, 32, 49, 80]
742:[40, 1, 4]
743:[23, 11, 13]
744:[99, 6, 17, 84]
745:[36, 5, 1, 40, 70]
746:[52, 34, 54, 92]
747:[68, 7, 29]
748:[69, 7, 5, 0, 80]
749:[92, 29, 13, 15, 32, 49]
750:[0, 2, 25]
751:[77, 49, 32]
752:[73, 62, 53]
753:[36, 7, 68]
754:[28, 2, 1]
755:[62, 86, 49, 40]
756:[12, 1, 5, 23]
757:[45, 3, 8, 39]
758:[91, 5, 22, 83]
759:[63, 40, 87, 37, 48]
760:[87, 37, 10, 21, 85]
761:[81, 9, 63, 75]
762:[33, 23, 11]
763:[12, 3, 17, 84]
764:[59, 1, 40]
765:[87, 40, 1, 3]
766:[61, 3, 17, 53, 62]
767:[22, 45, 50]
768:[54, 34, 6, 18]
769:[12, 3, 45, 50]
770:[3, 9]
771:[87, 40, 1, 3, 45]
772:[2, 0, 5, 14]
773:[47, 13, 11, 1, 4, 53]
774:[82, 21, 14, 34, 54]
775:[59, 1, 2, 0]
776:[96, 14, 5, 1, 43]
777:[95, 23, 11, 90]
778:[69, 13, 11, 1, 16]
779:[14, 5, 98, 89]
780:[30, 17, 6, 10]
781:[44, 3, 1, 51]
782:[94, 37, 5, 0, 28]
783:[61, 3, 9, 81, 96]
784:[64, 46, 7, 69]
785:[95, 23, 11, 7]
786:[88, 49, 40, 70]
787:[0, 5, 37, 38]
788:[23, 11, 1, 51]
789:[32, 15, 13]
790:[91, 5, 7, 15]
791:[99, 37, 10, 7, 29]
792:[38, 37, 94]
793:[55, 37, 5, 1]
794:[96, 14, 21]
795:[52, 34, 6, 1, 2, 27]
796:[90, 1, 40, 63]
797:[48, 37, 58]
798:[88, 49, 77]
799:[58, 37, 38, 50]
800:[42, 0, 2, 1]
801:[41, 6, 5]
802:[40, 1, 6, 35]
803:[48, 37, 5, 22, 62, 86]
804:[30, 17, 3, 79]
805:[64, 46, 34, 6]
806:[15, 7, 3, 2, 28]
807:[31, 30]
808:[77, 49, 88]
809:[76, 6, 99]
810:[80, 0, 5, 37]
811:[79, 3, 1, 4]
812:[91, 5, 22, 45, 50]
813:[12, 1, 11, 13, 47]
814:[8, 3, 7, 13, 54, 93]
815:[5, 0]
816:[25, 2, 89, 98]
817:[95, 71]
818:[17, 42]
819:[44, 7, 15, 32, 73]
820:[91, 34, 6, 41]
821:[0, 5, 7, 78]
822:[11, 1, 3, 17, 84, 97]
823:[16, 9, 6, 41]
824:[92, 29, 13, 11, 23, 83]
825:[75, 45, 50, 38, 48]
826:[62, 86, 49]
827:[27, 2, 40, 63]
828:[35, 6, 1, 3]
829:[73, 32, 15, 13]
830:[81, 96, 14, 21]
831:[1, 16, 38, 82]
832:[99, 37, 10, 14, 96]
833:[22, 62, 86]
834:[33, 23, 11, 13]
835:[79, 3, 2, 25, 71]
836:[42, 17, 84]
837:[15, 13, 54]
838:[15, 7]
839:[53, 17, 3, 12]
840:[19, 2, 0, 5, 91]
841:[5, 6, 34, 52, 93]
842:[40, 1, 6, 10]
843:[55, 37, 5, 0, 2, 19]
844:[45, 22, 5, 91]
845:[67, 6, 5, 98]
846:[2, 1, 11, 13, 47]
847:[36, 5, 23, 66]
848:[53, 17, 3, 8]
849:[80, 0, 5, 23]
850:[76, 39, 8, 24]
851:[16, 9, 3, 68]
852:[23, 11, 7, 46, 64]
853:[56, 3, 2, 25]
854:[98, 5, 22]
855:[0, 2, 19, 30]
856:[60, 34, 54, 13]
857:[3, 9]
858:[20, 2, 1, 57]
859:[77, 6, 18, 66]
860:[93, 54, 13, 7, 44]
861:[91, 34, 54, 13, 71]
862:[44, 3, 9, 81, 96]
863:[13, 11, 1, 2, 28]
864:[88, 61, 3, 7, 29]
865:[91, 5, 7, 15]
866:[19, 2]
867:[73, 32, 6, 5, 23, 95]
868:[67, 6, 34]
869:[92, 29, 7, 5, 22]
870:[36, 5, 6, 76, 39]
871:[12, 1, 5, 37, 72]
872:[24, 3, 1, 16, 38]
873:[64, 46, 7, 69]
874:[89, 32, 49]
875:[17, 74, 94]
876:[98, 5, 37]
877:[83, 22, 0, 2, 40, 70]
878:[86, 49, 32, 6, 34, 54, 92]
879:[9, 6, 35]
880:[27, 2, 0, 5, 14, 96]
881:[1, 3, 24]
882:[40, 2, 8]
883:[99, 37, 5, 0]
884:[28, 0, 42, 17, 74]
885:[53, 17, 3, 61, 88]
886:[10, 37, 56]
887:[88, 49, 40, 2, 27]
888:[32, 6, 9]
889:[92, 29, 7, 3, 61]
890:[24, 8, 61, 88]
891:[71, 25, 2, 1, 12]
892:[90, 1, 57]
893:[64, 46, 34, 6]
894:[0, 5, 37]
895:[98, 5, 7, 68]
896:[81, 9, 3, 17, 74]
897:[59, 1, 5, 22, 33]
898:[40, 49, 32, 73]
899:[99, 6, 1, 12]
