0:[58, 44, 7, 13, 54]
1:[54, 13, 47]
2:[54, 34, 6, 51]
3:[72, 37, 5, 1, 57]
4:[18, 9, 3, 56]
5:[62, 53, 4, 1, 11]
6:[65, 1, 6, 77]
7:[86, 49, 40, 1, 12]
8:[56, 3, 1, 65]
9:[57, 17, 3, 9]
10:[84, 17, 3, 45]
11:[89, 32, 49, 80]
12:[74, 17, 3, 44]
13:[20, 2, 0, 5, 37, 55]
14:[35, 6, 77]
15:[73, 32, 6, 5, 23, 95]
16:[30, 17, 6, 5, 23, 95]
17:[91, 34, 6, 32, 49]
18:[54, 34, 14, 5, 22]
19:[22, 0, 2, 20]
20:[26, 8, 2, 1, 65]
21:[82, 21]
22:[35, 6, 9, 81]
23:[2, 0, 5, 37]
24:[96, 14, 34, 54, 92]
25:[45, 3, 9]
26:[32, 6, 17, 42]
27:[64, 46, 7, 5]
28:[95, 23, 11, 7, 78]
29:[14, 10, 37, 58]
30:[74, 17, 6]
31:[12, 3, 8, 39]
32:[60, 6, 1]
33:[57, 17, 6]
34:[70, 40, 2, 20]
35:[72, 37, 56, 3, 79]
36:[82, 38, 16, 1]
37:[84, 17, 3, 7, 36]
38:[0, 2, 3, 79]
39:[27, 2]
40:[98, 5, 37, 94, 97]
41:[40, 87, 37, 94, 97]
42:[10, 6, 1, 90]
43:[38, 74, 17, 30]
44:[31, 12, 3, 68]
45:[74, 17, 3, 2, 28]
46:[96, 14, 34]
47:[18, 6, 5, 91]
48:[75, 45, 3, 7, 36]
49:[40, 1, 6, 67]
50:[13, 11, 1, 6, 99]
51:[87, 40, 1, 11, 13, 47]
52:[73, 32, 6, 1, 57]
53:[81, 9, 63, 70]
54:[54, 13, 7, 3, 24]
55:[55, 37, 5, 98]
56:[95, 23, 5, 6, 32, 73]
57:[2, 3, 7, 78]
58:[47, 13, 7, 44]
59:[21, 14, 5, 22]
60:[5, 22, 45]
61:[16, 1, 2, 89]
62:[60, 34, 54, 13, 71]
63:[95, 71, 25, 2]
64:[2, 4, 53]
65:[8, 3, 56, 37, 55]
66:[92, 54, 93]
67:[16, 9, 3, 8, 26]
68:[34, 14, 10, 37, 94]
69:[33, 23, 95]
70:[80, 0, 5, 6, 67]
71:[97, 84, 17, 53, 62, 86]
72:[92, 29, 7, 10, 21, 82]
73:[40, 2, 8]
74:[13, 11]
75:[48, 37, 10, 7, 15]
76:[83, 22, 5, 6, 9, 81]
77:[86, 49, 40, 1, 12]
78:[47, 13, 11, 1, 40, 70]
79:[1, 2, 0, 80]
80:[96, 14, 34, 52, 31]
81:[96, 14, 5, 98]
82:[89, 2, 27]
83:[65, 1, 40, 49]
84:[52, 31, 12]
85:[53, 17]
86:[40, 87]
87:[1, 51]
88:[41, 6, 17, 84]
89:[6, 5, 91]
90:[23, 5, 0, 42]
91:[20, 11, 23, 95]
92:[35, 6, 32, 49, 88]
93:[83, 22, 5, 98]
94:[65, 1, 5, 23, 95]
95:[52, 34, 14, 5, 23, 95]
96:[84, 17, 6, 18, 66]
97:[6, 1, 11]
98:[62, 53, 17, 74, 94]
99:[16, 1, 43]
100:[53, 17, 3, 7, 13]
101:[47, 13, 7, 10]
102:[45, 3, 1, 43]
103:[45, 3, 8, 26]
104:[22, 0, 42, 17]
105:[56, 3, 8, 39]
106:[1, 3, 7, 78]
107:[85, 21, 82, 38, 43]
108:[65, 16, 38, 48]
109:[56, 37, 5]
110:[65, 16, 9, 81, 96]
111:[86, 62, 53, 17, 84, 85]
112:[38, 48]
113:[75, 45, 3, 24]
114:[6, 5, 0]
115:[31, 12, 3, 44]
116:[21, 10, 7, 68]
117:[43, 1, 6, 60]
118:[70, 40, 2, 8]
119:[98, 5, 22, 45]
120:[22, 0, 2, 4]
121:[71, 13, 7, 5, 37, 48]
122:[88, 49, 80, 0, 42]
123:[52, 34, 91]
124:[77, 6, 17, 30]
125:[11, 1, 5, 91]
126:[88, 49, 32, 6, 34, 54]
127:[11, 7, 15, 81]
128:[76, 6, 5, 7, 29]
129:[74, 38, 37, 87]
130:[4, 1, 3, 9]
131:[64, 46, 34, 52, 93]
132:[39, 8, 3, 45, 75]
133:[0, 2, 40]
134:[41, 6, 34, 54]
135:[43, 1, 40, 49, 86]
136:[39, 8, 3, 12]
137:[51, 6, 99]
138:[34, 6, 1, 2, 20]
139:[5, 0, 2]
140:[92, 29, 7, 46, 64]
141:[37, 10, 7, 68]
142:[30, 19, 2, 89]
143:[86, 49, 40, 1, 90]
144:[54, 13, 71]
145:[34, 14, 5, 22, 62]
146:[73, 32, 6, 5, 37, 72]
147:[48, 37, 5, 0, 42]
148:[16, 1, 59]
149:[47, 13, 11, 1, 65]
150:[25, 2, 3, 9, 81]
151:[3, 9, 18]
152:[19, 8, 3, 7, 13, 54]
153:[92, 29, 7]
154:[12, 1, 5]
155:[91, 5, 23]
156:[68, 3, 17, 84]
157:[17, 6, 51]
158:[19, 2, 0, 5, 91]
159:[69, 13, 29]
160:[26, 8, 39, 76]
161:[39, 64, 46, 34]
162:[7, 78]
163:[29, 7, 3, 8]
164:[89, 32, 15]
165:[24, 3, 45, 22, 83]
166:[92, 29, 7, 3, 9]
167:[48, 37, 10, 21, 85]
168:[22, 45]
169:[90, 1, 3, 44, 58]
170:[36, 5, 6, 76, 39]
171:[39, 8, 3]
172:[79, 49, 32, 6, 60]
173:[88, 49, 40, 87]
174:[59, 1, 5, 23, 66]
175:[78, 7, 5, 22, 83]
176:[76, 6, 67]
177:[50, 45, 75, 63, 70]
178:[31, 52, 34, 91]
179:[61, 3, 7, 29]
180:[30, 17, 3, 56]
181:[46, 34, 6, 32]
182:[6, 17, 74]
183:[67, 6, 5, 37]
184:[64, 46, 7, 78]
185:[84, 17, 3, 68]
186:[12, 1, 65]
187:[37, 10, 6, 35]
188:[53, 17, 6, 10]
189:[93, 52, 34, 14]
190:[96, 14, 5, 1, 57]
191:[4, 1, 5, 36]
192:[23, 11, 1, 51]
193:[44, 58]
194:[41, 23, 11, 13, 47]
195:[2, 1, 51]
196:[26, 8, 3, 44]
197:[33, 22, 5, 7, 78]
198:[82, 21, 14, 5, 23, 95]
199:[34, 14, 5, 22, 62]
200:[24, 3, 7, 46]
201:[35, 6, 1, 3]
202:[0, 5, 14, 21, 82]
203:[65, 1, 3, 7]
204:[90, 1, 4]
205:[40, 2, 8, 39]
206:[51, 1, 57]
207:[40, 1, 4]
208:[96, 14, 10, 37, 87]
209:[56, 3, 7]
210:[8, 2, 1, 6, 99]
211:[18, 6, 17, 74]
212:[55, 21, 10, 7, 68]
213:[35, 6, 9]
214:[93, 52, 31, 12, 3, 79]
215:[29, 7, 46]
216:[63, 40, 87, 37, 72]
217:[96, 81, 15, 32, 73]
218:[24, 3, 7, 13, 54, 93]
219:[6, 5, 22, 33]
220:[85, 84, 17, 42, 0, 80]
221:[53, 4, 1, 65]
222:[6, 5, 37]
223:[70, 40, 1, 3, 7, 29, 92]
224:[7, 5, 6, 35]
225:[31, 12, 3, 24]
226:[91, 5, 1, 43]
227:[34, 46, 7]
228:[20, 2, 8, 39]
229:[72, 37, 56, 3, 24]
230:[91, 5, 98, 89]
231:[2, 40, 87]
232:[64, 46, 34, 6, 32]
233:[36, 7, 68]
234:[64, 46, 7, 13, 71]
235:[97, 84, 17, 53, 62, 86]
236:[59, 1, 2, 0]
237:[92, 29, 13, 11, 27, 39]
238:[95, 23, 41]
239:[83, 22, 5, 14, 21, 85]
240:[79, 49, 32, 6, 41]
241:[81, 15, 13, 71, 95]
242:[25, 20]
243:[68, 3, 17, 42]
244:[9, 6, 5, 23]
245:[67, 6, 5, 22, 83]
246:[66, 18, 9, 3, 79]
247:[28, 0, 5, 37, 58]
248:[73, 32, 6, 41]
249:[64, 46, 34, 6, 32, 73]
250:[11, 1, 6, 77]
251:[13, 15, 81]
252:[49, 32, 6, 9]
253:[3, 79, 49]
254:[30, 19, 2, 28]
255:[19, 2, 0, 80]
256:[95, 23, 5, 0, 80]
257:[48, 38, 50, 45]
258:[35, 14]
259:[82, 38, 16, 1, 4]
260:[40, 2, 25]
261:[63, 9, 3, 68]
262:[50, 45, 3, 7, 13]
263:[87, 37, 5, 91]
264:[7, 5, 22, 83]
265:[62, 22, 5, 7, 69]
266:[98, 5, 6, 17, 84]
267:[86, 49, 32, 89, 98]
268:[10, 7, 3, 8]
269:[60, 6, 5, 23]
270:[19, 8, 3, 45, 50]
271:[38, 16, 1, 59]
272:[70, 40, 87, 37]
273:[1, 12]
274:[28, 2, 8, 26]
275:[41, 6, 1, 59]
276:[1, 5, 23]
277:[61, 3, 56, 37, 55]
278:[68, 7, 13, 54, 93]
279:[36, 5, 37, 94]
280:[35, 6, 32, 15]
281:[76, 6, 1, 3, 45]
282:[3, 7, 29, 92]
283:[34, 6, 1, 3, 24]
284:[71, 13, 29]
285:[27, 11, 13, 54]
286:[42, 0, 5, 7, 15]
287:[53, 17, 3, 7, 29, 92]
288:[6, 1, 65]
289:[6, 5, 36]
290:[84, 17, 3, 7]
291:[88, 49, 40, 63]
292:[46, 34, 6, 32]
293:[3, 68]
294:[57, 17, 53, 62]
295:[37, 10, 6, 17, 26]
296:[43, 38, 37, 94]
297:[91, 5, 1, 3, 24]
298:[83, 22, 0, 2, 8, 26]
299:[70, 40, 1, 6, 34]
300:[50, 38, 82, 21]
301:[35, 6, 1, 3, 68]
302:[33, 22, 5, 98]
303:[23, 5, 22]
304:[18, 6, 77]
305:[44, 3, 8, 39]
306:[71, 13, 7, 10, 21, 85]
307:[66, 18, 9, 3]
308:[92, 29, 7, 5, 37, 94]
309:[55, 37, 48]
310:[20, 2, 1, 43]
311:[1, 6, 32]
312:[70, 40, 1, 11, 13]
313:[67, 6, 1, 12, 31]
314:[41, 6, 1, 2, 28]
315:[74, 17, 3, 61]
316:[3, 45, 75]
317:[78, 7, 29, 92]
318:[21, 14, 5, 0, 80]
319:[47, 29, 92]
320:[46, 34, 6, 17, 30]
321:[61, 8, 2, 40, 70]
322:[27, 2, 1, 12, 31]
323:[76, 6, 41]
324:[44, 7, 5]
325:[33, 23, 11, 27]
326:[78, 38, 82, 21]
327:[26, 17, 6, 77]
328:[13, 11, 1, 6, 99]
329:[25, 2, 3, 44, 58]
330:[59, 1, 40, 70]
331:[82, 21, 10, 6, 41]
332:[7, 13]
333:[9, 63, 70]
334:[14, 5, 22, 45, 75]
335:[39, 76, 6, 77]
336:[64, 46, 7, 44, 58]
337:[89, 2, 1, 16]
338:[73, 32, 49, 40]
339:[0, 2, 1, 51]
340:[9, 3, 1, 11]
341:[22, 5, 6, 99]
342:[81, 15, 32, 73, 62]
343:[39, 8, 3, 12, 31]
344:[14, 5, 0, 28]
345:[39, 76, 6, 51]
346:[85, 21, 82, 38]
347:[56, 3, 79]
348:[32, 15, 13]
349:[30, 17, 6, 10, 21]
350:[35, 6, 1, 4]
351:[21, 10, 7, 78]
352:[73, 32, 6, 5, 37, 55]
353:[2, 0]
354:[57, 17, 6, 77]
355:[57, 1, 51]
356:[38, 16, 9, 3, 61]
357:[98, 5, 22, 83]
358:[23, 11, 1, 3, 61]
359:[31, 30, 17, 84, 97]
360:[86, 62, 53, 17, 84, 85]
361:[50, 38, 37, 94, 97]
362:[82, 21, 10, 6, 41]
363:[14, 5, 22, 45, 75]
364:[94, 74, 17, 6, 60]
365:[83, 22, 5, 7]
366:[36, 5, 6]
367:[98, 5, 6, 60]
368:[47, 13, 11, 1]
369:[71, 13, 29, 92]
370:[86, 49, 79, 3, 56]
371:[32, 6, 34, 46, 64]
372:[88, 49, 40, 1]
373:[14, 10, 37, 56]
374:[23, 5, 6, 34, 52]
375:[93, 52, 34, 6, 1, 65]
376:[99, 37, 94]
377:[84, 17, 3]
378:[82, 21, 14, 5, 98]
379:[79, 3, 7]
380:[32, 6, 17]
381:[16, 1, 40, 49]
382:[12, 1, 40, 87]
383:[1, 3, 7, 78]
384:[26, 17, 6, 32, 73]
385:[42, 17, 3, 61]
386:[98, 5, 7, 69]
387:[88, 61, 3]
388:[90, 11, 13, 54, 93]
389:[92, 29, 7, 36]
390:[21, 10, 6, 1]
391:[63, 40, 1, 5, 23]
392:[57, 17, 74, 38, 48]
393:[88, 49, 40, 63]
394:[12, 3, 7, 46]
395:[53, 17, 3, 8]
396:[77, 6, 17, 42]
397:[34, 6, 1, 16]
398:[56, 3, 1, 57]
399:[92, 29, 7, 10, 21, 85]
400:[51, 1, 2, 89]
401:[17, 3, 68]
402:[55, 21, 14, 34, 52]
403:[8, 2, 0, 22]
404:[96, 81, 15, 13, 11]
405:[73, 32, 6, 1, 57]
406:[84, 17, 3, 44]
407:[12, 1, 2, 20]
408:[66, 18, 6, 17, 74]
409:[69, 7, 78]
410:[92, 29, 7, 36]
411:[97, 94, 37, 87, 40]
412:[91, 5, 37, 94, 97]
413:[73, 32, 6, 1, 90]
414:[79, 3, 7, 46, 64]
415:[8, 2, 1, 65]
416:[49, 32, 73]
417:[24, 8, 2, 40, 70]
418:[43, 1, 6, 41]
419:[38, 37, 5, 22, 62]
420:[88, 61, 3, 45]
421:[54, 34, 6, 67]
422:[72, 37, 10, 6, 34, 52]
423:[64, 39, 8, 61]
424:[56, 3, 24]
425:[38, 16, 9, 3, 79]
426:[4, 1, 3, 7, 29, 92]
427:[60, 6, 1, 43]
428:[37, 10, 6, 32, 73]
429:[66, 18, 6, 17]
430:[27, 2, 89, 98]
431:[64, 46, 7, 5, 98]
432:[70, 40, 1, 3, 17]
433:[55, 21, 10, 7, 46]
434:[12, 3, 68]
435:[37, 5, 1, 12, 31]
436:[67, 6, 5, 37, 58]
437:[25, 2, 0, 5, 36]
438:[68, 3]
439:[97, 84, 17, 3, 2, 89]
440:[30, 17, 53, 62, 86]
441:[46, 34, 6, 67]
442:[22, 5, 7, 13, 47]
443:[75, 45, 3, 56]
444:[89, 2, 20]
445:[83, 22, 45, 75]
446:[33, 22, 0, 2]
447:[83, 22, 0, 2, 89]
448:[0, 5, 6, 99]
449:[32, 6, 34, 46]
450:[5, 7]
451:[81, 9, 63, 75]
452:[59, 1, 6, 41]
453:[72, 37, 56, 3, 24]
454:[59, 1, 3, 44, 58]
455:[79, 3, 1, 5, 91]
456:[2, 27]
457:[58, 44, 3, 24]
458:[62, 22, 5, 7, 46, 64]
459:[89, 32, 15, 13]
460:[67, 6, 1, 2, 25, 71]
461:[85, 84, 76, 39]
462:[86, 49, 40, 2, 28]
463:[10, 7, 46, 64]
464:[83, 23, 11, 90]
465:[71, 25, 2, 8]
466:[75, 45, 22, 62, 73]
467:[49, 32, 6, 41]
468:[9, 3, 7, 29, 92]
469:[45, 3, 1, 4]
470:[64, 39, 8, 2]
471:[2, 1, 6, 60]
472:[54, 34, 6, 1, 43]
473:[87, 40, 63, 9, 81]
474:[9, 3, 12]
475:[49, 32, 6, 34, 52]
476:[76, 6, 5, 36]
477:[33, 22, 62, 86]
478:[5, 6, 17]
479:[4, 1, 11]
480:[36, 5, 6, 17]
481:[11, 1, 6, 35]
482:[90, 1, 40, 70]
483:[36, 5, 1, 40, 63]
484:[90, 11, 7]
485:[48, 37, 58]
486:[51, 1, 65]
487:[58, 44, 7, 13, 71]
488:[92, 29, 7, 3, 61, 88]
489:[20, 2, 0, 80]
490:[98, 5, 1, 57]
491:[35, 6, 34, 46]
492:[90, 1, 5, 98]
493:[94, 74, 17, 6, 32, 73]
494:[78, 38, 48]
495:[51, 6, 18, 66]
496:[53, 4, 2, 25, 71]
497:[40, 1, 11, 13, 47]
498:[25, 2, 40, 63]
499:[75, 45, 50, 38]
