0:[26, 8, 3, 56, 37]
1:[35, 6, 5, 7, 29]
2:[1, 6, 34, 54]
3:[11, 23, 95]
4:[64, 46, 7, 69]
5:[68, 7, 5, 23, 95]
6:[10, 6, 18, 66]
7:[51, 6, 76, 39]
8:[70, 40, 1, 5, 14, 21]
9:[28, 0, 22, 62, 73]
10:[74, 94, 97]
11:[89, 32, 15, 13, 69]
12:[64, 46, 34, 6, 32, 49, 86]
13:[48, 37, 87]
14:[89, 2, 1, 65]
15:[57, 17, 3, 9]
16:[3, 1, 6, 32]
17:[62, 53, 17, 6, 51]
18:[43, 1, 6, 77]
19:[45, 3, 9]
20:[74, 17, 3, 56]
21:[57, 1, 5, 91]
22:[47, 13, 11]
23:[74, 17, 3, 7, 46, 64]
24:[76, 6, 34, 46]
25:[89, 32, 15, 81, 96]
26:[8, 3, 7, 13, 54]
27:[91, 5, 7, 68]
28:[0, 42, 17, 84]
29:[15, 13, 69]
30:[32, 6, 1, 3, 56]
31:[11, 20]
32:[22, 62, 73]
33:[37, 10, 6, 77]
34:[78, 38, 74]
35:[96, 14, 5, 1, 43]
36:[22, 0]
37:[12, 1, 5, 98]
38:[49, 32, 6, 60]
39:[90, 1, 3, 68]
40:[89, 32, 15, 13, 29]
41:[45, 3, 7, 69]
42:[74, 17, 3, 61, 88]
43:[62, 53, 17, 3, 8, 39]
44:[31, 12, 1, 5]
45:[95, 23, 5, 6, 9]
46:[65, 16, 9, 81]
47:[0, 2, 89, 32]
48:[9, 6, 5, 14]
49:[53, 17, 30, 19]
50:[84, 17, 3, 12]
51:[64, 46, 34, 6, 17, 53]
52:[83, 22, 5, 37, 56]
53:[98, 5, 7, 69]
54:[71, 13, 47]
55:[7, 3, 8, 26]
56:[53, 17, 84, 85]
57:[67, 6, 5, 7, 29]
58:[65, 16, 38, 78]
59:[52, 34, 46, 7, 29]
60:[15, 7, 10]
61:[97, 84, 17, 3, 2, 25, 71]
62:[28, 0, 5, 7, 13]
63:[57, 17, 30]
64:[92, 54, 34, 6, 18]
65:[47, 13, 7, 3, 17, 42]
66:[80, 0, 42]
67:[34, 46, 7, 78]
68:[8, 2]
69:[50, 45, 3, 12, 31]
70:[17, 84, 97]
71:[26, 8, 3, 9]
72:[27, 11, 7, 10]
73:[24, 3, 56, 37, 48]
74:[15, 7, 5, 37, 55]
75:[42, 17, 3, 9, 81]
76:[66, 18, 9, 16]
77:[7, 15, 32]
78:[63, 9]
79:[81, 15, 13, 69]
80:[36, 5, 6, 76]
81:[9, 3, 2, 19]
82:[56, 3, 1, 59]
83:[78, 7, 5, 22]
84:[31, 12, 1, 6, 10]
85:[85, 21, 14, 5, 23]
86:[87, 40, 2, 20]
87:[43, 1, 2, 19, 30]
88:[71, 13, 29]
89:[35, 6, 17, 30]
90:[61, 3, 17, 53]
91:[22, 5, 7, 46, 64]
92:[5, 6, 9, 81]
93:[72, 37, 5, 22, 33]
94:[5, 0, 80, 49, 88]
95:[81, 9, 3, 2, 25]
96:[86, 49, 40, 87, 37, 72]
97:[94, 37, 5, 22, 83]
98:[15, 7, 3, 61]
99:[35, 6, 1, 4]
100:[25, 2, 19]
101:[90, 1, 3, 17]
102:[60, 6, 1, 2, 27]
103:[88, 49, 32, 6, 10]
104:[78, 7, 5, 6, 76]
105:[5, 1, 4]
106:[11, 1, 6, 99]
107:[61, 3, 56]
108:[37, 10, 21, 85]
109:[42, 0, 2, 1]
110:[56, 3, 61]
111:[93, 54, 13, 7, 44, 58]
112:[76, 6, 1, 3, 56]
113:[39, 8, 3, 7, 36]
114:[63, 9, 18, 66]
115:[79, 3]
116:[36, 7, 11, 20]
117:[69, 7, 3, 45, 50]
118:[65, 1, 2, 0, 42]
119:[40, 1, 5, 23]
120:[77, 49, 86, 62]
121:[92, 29, 7, 36]
122:[4, 1, 3, 44, 58]
123:[64, 46, 7, 5, 37, 94]
124:[97, 84, 17, 3, 2]
125:[97, 94, 37, 48]
126:[40, 1, 5, 98]
127:[85, 84, 17, 30, 19]
128:[92, 29, 13, 11, 23, 83]
129:[7, 69]
130:[9, 3, 17, 53]
131:[93, 52, 34, 6, 18, 66]
132:[75, 45, 50, 38]
133:[27, 11, 7, 69]
134:[47, 13, 11, 23, 83]
135:[46, 34, 6, 32]
136:[54, 34, 6, 17, 74]
137:[47, 13, 7]
138:[50, 45, 3, 1, 59]
139:[73, 32, 15, 81]
140:[36, 5, 1, 40, 70]
141:[97, 84, 17, 6, 18]
142:[60, 6, 5, 37, 48]
143:[58, 44, 3, 8, 39]
144:[42, 17, 84, 85]
145:[99, 37, 56, 3]
146:[91, 5, 7, 68]
147:[23, 11, 1, 3, 61, 88]
148:[91, 34, 6, 67]
149:[43, 1, 51]
150:[35, 6, 5, 22, 83]
151:[12, 1, 5, 37, 72]
152:[11, 7, 10, 21, 85]
153:[67, 6, 17, 84, 97]
154:[53, 17, 6, 76]
155:[92, 54, 34, 60]
156:[68, 3, 2, 27]
157:[97, 84, 17, 6, 18]
158:[8, 3, 9, 18, 66]
159:[22, 5, 6, 35]
160:[60, 34, 46, 7, 78]
161:[10, 7, 29]
162:[48, 38, 74]
163:[97, 94, 37, 5, 23]
164:[14, 5, 0, 2, 25]
165:[81, 9, 3, 8]
166:[75, 63, 9, 6, 41]
167:[49, 88, 61]
168:[38, 78]
169:[9, 6, 51]
170:[94, 74, 17, 6, 77]
171:[93, 52, 34, 6, 17]
172:[75, 63, 9, 81]
173:[49, 32, 6, 76]
174:[81, 15, 32, 49]
175:[88, 49, 32, 6, 10]
176:[17, 30, 31]
177:[22, 0, 2, 20]
178:[81, 9, 3, 2, 25]
179:[51, 1, 3, 61]
180:[71, 25, 2, 1, 59]
181:[78, 38, 16, 1]
182:[15, 7, 3, 17, 30]
183:[97, 84, 17, 3, 7, 29]
184:[64, 46, 34, 6, 9]
185:[69, 13, 54, 34, 52]
186:[31, 12, 1, 5]
187:[93, 54, 13, 11, 23, 83]
188:[98, 89, 2, 3, 61]
189:[99, 6, 1, 2, 20]
190:[5, 0, 2, 19]
191:[49, 32, 6, 10, 21, 82]
192:[96, 14, 34, 54]
193:[82, 38, 74, 17, 30]
194:[30, 17, 3, 44]
195:[98, 5, 7, 44]
196:[42, 17, 74, 94]
197:[76, 6, 1, 3, 45, 50]
198:[41, 6, 1, 12, 31]
199:[64, 46, 34, 6, 32]
200:[17, 74, 94]
201:[70, 40, 1, 3, 17]
202:[78, 7, 5, 22, 33]
203:[15, 7, 10, 21]
204:[88, 61, 3, 12]
205:[32, 49, 79]
206:[50, 38, 37, 10]
207:[46, 7, 5, 37, 87]
208:[68, 3, 9]
209:[97, 84, 17, 3, 1, 59]
210:[93, 54, 13, 15]
211:[11, 7, 10, 21]
212:[80, 0, 5, 6, 99]
213:[75, 45, 3, 8, 39]
214:[26, 8, 2, 1, 11]
215:[76, 6, 34, 54]
216:[99, 6, 32, 89]
217:[76, 6, 77]
218:[16, 9, 6, 34, 54]
219:[86, 62, 53, 17, 30]
220:[6, 17, 84, 97]
221:[34, 6, 1, 65]
222:[96, 14, 34, 54]
223:[80, 49, 79]
224:[76, 6, 5]
225:[43, 1, 6, 10]
226:[18, 6, 5, 91]
227:[99, 6, 1, 2, 19]
228:[42, 0, 2, 19]
229:[92, 29, 7, 3, 17, 84]
230:[99, 6, 76]
231:[52, 31, 12, 3, 79]
232:[0, 5, 98]
233:[30, 17, 74, 38, 48]
234:[66, 18, 9, 63]
235:[19, 8, 61]
236:[11, 1, 6, 32]
237:[47, 13, 7, 10, 21, 82]
238:[61, 3, 1, 6]
239:[0, 2, 3, 9]
240:[39, 27, 11, 23, 66]
241:[50, 45, 3, 12, 31, 52]
242:[52, 31]
243:[13, 11, 1]
244:[81, 9, 3, 1, 4]
245:[56, 3, 2]
246:[15, 7, 5, 37, 94]
247:[82, 38, 50, 45]
248:[52, 34, 6, 76, 39]
249:[87, 40, 63]
250:[54, 13, 7, 3, 79]
251:[94, 74, 38]
252:[65, 1, 6, 67]
253:[97, 84, 17, 6, 18, 66]
254:[97, 84, 76, 39]
255:[97, 84, 17, 3, 61, 88]
256:[30, 19, 2]
257:[60, 6, 5, 23, 95]
258:[35, 6, 1, 2, 8]
259:[56, 3, 1, 6, 60]
260:[39, 76, 84, 85]
261:[23, 5, 37, 72]
262:[85, 21, 10, 7, 13, 47]
263:[91, 5, 37, 87]
264:[73, 32, 6, 18]
265:[29, 13, 11, 1, 51]
266:[87, 37]
267:[23, 5, 14, 21]
268:[16, 1, 2, 27]
269:[66, 23, 5, 14]
270:[5, 6, 34, 54]
271:[91, 5, 1, 4]
272:[13, 11, 1]
273:[58, 44, 3, 2, 27]
274:[17, 3, 7, 15]
275:[54, 34, 46]
276:[92, 29, 7, 3, 45, 50]
277:[78, 7, 13]
278:[63, 40, 1, 4]
279:[51, 1, 40, 49]
280:[40, 1, 3]
281:[78, 7, 5]
282:[34, 6, 17, 84]
283:[84, 97]
284:[55, 21, 10, 6, 76]
285:[96, 81, 9, 3, 2]
286:[81, 15, 13, 71, 95]
287:[70, 40, 2, 8]
288:[59, 1, 11, 13, 47]
289:[64, 46, 7, 5]
290:[94, 74, 17, 6, 34]
291:[88, 49, 32, 15, 13, 71]
292:[92, 29, 7, 5, 37, 94]
293:[45, 22, 5, 91]
294:[40, 63, 9, 81]
295:[34, 14, 5, 23, 95]
296:[72, 38]
297:[78, 7, 3, 24]
298:[37, 10, 6, 35]
299:[38, 37, 58, 44]
300:[31, 12, 1, 2, 27]
301:[7, 5, 91]
302:[2, 3, 7, 78]
303:[35, 6, 1, 3, 56]
304:[49, 32, 6, 34, 54, 92]
305:[60, 6, 17, 53]
306:[15, 13, 69]
307:[18, 6, 32, 49]
308:[56, 3, 8, 39]
309:[95, 23, 5, 37, 56]
310:[8, 2, 4, 53]
311:[43, 38, 78]
312:[68, 7, 5, 23, 95]
313:[51, 1, 3, 7, 29]
314:[19, 2, 0]
315:[58, 44, 3, 17, 42]
316:[17, 3, 9, 81, 96]
317:[4, 1, 3, 45, 50]
318:[49, 32, 6, 10, 21, 85]
319:[42, 0, 5, 7, 46]
320:[93, 54, 13, 71, 95]
321:[53, 17, 3, 61]
322:[83, 22, 5, 37, 94, 97]
323:[14, 10, 37, 48]
324:[36, 5, 6, 76, 39]
325:[77, 6, 5, 22, 83]
326:[68, 3, 1, 43]
327:[70, 63, 75]
328:[95, 23, 5, 6, 17, 30]
329:[5, 22, 45, 75]
330:[30, 17, 53, 62]
331:[53, 17, 3, 56, 37]
332:[7, 46, 34]
333:[0, 2, 1, 65]
334:[55, 37, 87, 40, 70]
335:[60, 6, 1, 4]
336:[48, 37, 5, 22]
337:[16, 1, 2, 20]
338:[12, 1, 5, 14]
339:[85, 21, 10, 7, 29]
340:[36, 5, 1, 65]
341:[65, 1, 6, 10]
342:[98, 5, 1, 11]
343:[10, 6, 51]
344:[12, 3, 8, 26]
345:[36, 5, 1, 90]
346:[97, 84, 17, 3, 8]
347:[96, 81, 9, 16, 38]
348:[31, 12, 1, 5, 37, 48]
349:[18, 9, 3, 2, 25]
350:[29, 13, 11, 27]
351:[71, 25, 2, 0]
352:[41, 6, 10, 21, 85]
353:[44, 3, 1, 59]
354:[53, 4, 2, 25]
355:[97, 84, 17, 3, 7, 29, 92]
356:[33, 22, 0, 42]
357:[99, 37, 5, 0, 80]
358:[89, 2, 1]
359:[17, 53, 62]
360:[2, 3, 17]
361:[50, 45, 3, 7, 15]
362:[19, 2, 1, 6, 77]
363:[94, 74, 38, 43]
364:[2, 0, 22, 83]
365:[4, 1, 3, 44, 58]
366:[62, 22, 5, 37, 55]
367:[16, 1, 5, 22, 83]
368:[56, 3, 7, 13]
369:[48, 37, 56, 3, 79]
370:[21, 10, 6]
371:[63, 9, 6, 35]
372:[37, 5]
373:[38, 78, 7, 46]
374:[96, 81]
375:[82, 38, 37, 87]
376:[8, 3, 7, 10]
377:[35, 6, 5, 7, 69]
378:[83, 22, 0, 2, 19, 30]
379:[19, 8, 39]
380:[82, 38, 74, 17, 26]
381:[96, 81, 15, 13, 11]
382:[14, 5, 0, 2, 25]
383:[35, 6, 1, 3, 56]
384:[39, 8, 2, 40, 87]
385:[81, 9, 63]
386:[27, 2, 1, 65]
387:[80, 0, 5, 37]
388:[2, 1, 16, 38]
389:[24, 8, 2, 25]
390:[63, 9, 16, 38]
391:[99, 37, 38, 43]
392:[7, 5, 37, 87]
393:[28, 0, 5, 14, 21, 85]
394:[85, 84, 17, 3, 1, 40]
395:[4, 1, 40]
396:[2, 3, 9]
397:[84, 17, 6, 32]
398:[88, 49, 40, 2, 25]
399:[85, 21, 10, 37]
400:[29, 13, 11, 23, 33]
401:[85, 21, 82, 38]
402:[99, 6, 1, 2]
403:[29, 7, 3, 2, 28]
404:[79, 3, 17, 30]
405:[20, 2, 1, 16, 38]
406:[40, 49, 88]
407:[9, 3, 17, 30]
408:[2, 1, 12, 31]
409:[41, 6, 1, 43]
410:[71, 25, 2, 0, 22]
411:[82, 21, 55]
412:[77, 49, 40, 2]
413:[17, 53, 62]
414:[27, 11, 7, 69]
415:[60, 6, 76, 39]
416:[61, 8, 39, 64]
417:[95, 23, 5, 0, 80]
418:[82, 21, 10, 7, 13, 71]
419:[43, 1, 5, 23]
420:[42, 0, 2, 40, 63]
421:[43, 1, 5, 14, 96]
422:[1, 5, 23, 95]
423:[88, 49, 32, 15, 13, 47]
424:[90, 1, 40, 70]
425:[24, 3, 1, 6, 35]
426:[40, 1, 3, 17, 74]
427:[30, 17, 26]
428:[67, 6, 60]
429:[23, 11, 1, 12]
430:[63, 40, 1, 11]
431:[71, 25, 2, 1, 6, 77]
432:[39, 27, 11]
433:[45, 22, 5, 91]
434:[60, 6, 9, 81]
435:[5, 6, 17]
436:[6, 1, 3, 56]
437:[68, 3, 1, 65]
438:[91, 5, 0, 42]
439:[23, 5, 0]
440:[83, 22, 0, 2, 40]
441:[33, 22, 5, 6, 32]
442:[49, 40, 1, 65]
443:[93, 52, 34, 6, 17, 74]
444:[95, 23, 11, 27]
445:[80, 0, 5, 36]
446:[16, 38, 37, 94]
447:[98, 89, 32, 49, 86]
448:[82, 21, 10, 6, 32, 49, 86]
449:[90, 11, 23, 95]
450:[89, 98, 5]
451:[11, 1, 5, 14, 96]
452:[16, 1, 90]
453:[51, 6, 34, 52, 93]
454:[25, 2, 8]
455:[84, 17, 3, 61]
456:[27, 2, 19]
457:[99, 6, 51]
458:[96, 14, 34, 52, 31]
459:[97, 94, 37, 5, 98]
460:[30, 17, 6, 76]
461:[49, 40, 1]
462:[87, 40, 1, 6]
463:[93, 52, 34, 60]
464:[52, 34, 14, 21, 85]
465:[93, 52, 34, 14, 21, 85]
466:[98, 89, 2, 3]
467:[37, 5, 22, 45]
468:[6, 17, 30]
469:[0, 2, 1, 59]
470:[19, 8, 3, 56]
471:[20, 2, 1, 65]
472:[1, 43]
473:[62, 53, 17, 3, 24]
474:[10, 37, 38]
475:[36, 5, 1, 40]
476:[67, 35]
477:[75, 63, 9, 6, 60]
478:[74, 17, 3, 7, 29, 92]
479:[20, 2]
480:[27, 2, 1, 16, 38, 82]
481:[89, 32, 6, 34, 52, 93]
482:[99, 37, 10, 7]
483:[1, 2, 28]
484:[74, 17, 3, 7, 29]
485:[87, 40, 2, 27]
486:[43, 38, 74]
487:[62, 53, 17, 74, 38]
488:[30, 19, 2]
489:[32, 6, 1, 16, 38]
490:[13, 15]
491:[66, 18, 9, 3, 45, 50]
492:[94, 37, 5, 1, 90]
493:[29, 13, 11, 90]
494:[46, 7, 10]
495:[19, 2, 0, 5]
496:[77, 49, 32, 15]
497:[16, 9, 6, 32, 73]
498:[52, 34, 6, 32, 49, 86]
499:[45, 3, 56]
500:[93, 52, 34, 6, 9, 63, 75]
501:[23, 11, 1, 51]
502:[26, 8, 2, 1, 90]
503:[23, 5, 98, 89]
504:[0, 5, 37, 94]
505:[40, 1, 5, 14, 21]
506:[35, 6, 1, 3, 56]
507:[52, 34, 6, 32]
508:[31, 52, 34, 14]
509:[80, 0, 2, 1, 65]
510:[66, 18, 6, 34, 46]
511:[71, 25, 2, 1, 57]
512:[16, 9, 6, 10]
513:[54, 34, 6, 99]
514:[82, 21, 14, 34]
515:[55, 21, 14, 34, 54]
516:[71, 25, 2, 8]
517:[33, 22, 5, 6, 34]
518:[45, 3, 9, 18]
519:[62, 73, 32, 15]
520:[56, 3, 7, 13]
521:[85, 84, 17, 6, 99]
522:[92, 29, 13, 15, 32, 89]
523:[44, 3, 17]
524:[3, 56, 37, 48]
525:[44, 3, 9]
526:[60, 34, 14, 96]
527:[5, 1, 11]
528:[6, 5, 37, 58]
529:[39, 8, 19]
530:[34, 14, 5]
531:[48, 37, 5, 22]
532:[64, 46, 34, 6, 9]
533:[96, 14, 10, 37, 58]
534:[3, 79]
535:[32, 6, 5, 22, 33]
536:[82, 21, 85, 84]
537:[70, 40, 1, 5, 23]
538:[14, 5, 98, 89]
539:[6, 67]
540:[35, 6, 5, 23, 95]
541:[94, 74, 17, 57]
542:[67, 6, 1, 16]
543:[95, 23, 11, 27, 39]
544:[43, 1, 5, 91]
545:[29, 7, 5, 98]
546:[45, 50, 38, 72]
547:[21, 14, 5, 22, 83]
548:[6, 9]
549:[88, 49, 40, 87, 37]
550:[95, 23, 5, 6, 17, 30]
551:[90, 1, 3, 45, 75]
552:[63, 9, 3, 7, 78]
553:[74, 17, 3, 7, 69]
554:[59, 1, 40, 63]
555:[24, 3, 7, 13]
556:[96, 81, 15, 13]
557:[29, 13, 11, 1, 40, 70]
558:[68, 3, 8, 39]
559:[32, 15, 81, 96]
560:[45, 3, 17]
561:[98, 89, 2, 19, 30]
562:[75, 63, 40, 49, 32]
563:[53, 17, 74, 38]
564:[71, 13, 7, 10, 21]
565:[68, 3, 45, 75]
566:[62, 53, 17, 26]
567:[40, 63]
568:[89, 98, 5, 37, 94]
569:[25, 2, 1, 6]
570:[17, 6, 99]
571:[14, 10, 7, 78]
572:[40, 1, 65]
573:[55, 21, 10, 7, 13, 47]
574:[32, 6, 60]
575:[91, 5, 1, 59]
576:[36, 5, 6, 17, 74]
577:[61, 3, 12, 31, 52]
578:[6, 1, 43]
579:[36, 5, 6, 76, 39]
580:[90, 1, 6, 67]
581:[44, 3, 79, 49, 86]
582:[70, 63, 9]
583:[55, 21, 14, 34, 54]
584:[24, 8, 2, 4]
585:[97, 94, 37]
586:[43, 38, 82]
587:[1, 3, 44, 58]
588:[7, 3, 2]
589:[24, 3, 1, 6]
590:[83, 22, 5, 6, 32]
591:[10, 6, 1]
592:[60, 6, 99]
593:[68, 7, 78]
594:[97, 84, 17, 53, 62, 86]
595:[62, 53, 17]
596:[27, 2, 0, 5, 37, 55]
597:[53, 4, 1, 59]
598:[96, 81, 9, 63, 75]
599:[79, 3, 17, 30]
600:[92, 29, 7, 68]
601:[32, 6, 1, 3, 24]
602:[3, 2, 25, 71]
603:[81, 9, 16, 38, 48]
604:[96, 81, 9, 18]
605:[57, 17, 3]
606:[96, 81, 15, 32, 49]
607:[57, 17, 3, 9, 81]
608:[90, 1, 3, 61, 88]
609:[37, 99]
610:[58, 37, 5, 23, 66]
611:[42, 17, 3, 56]
612:[21, 10, 6, 1, 12]
613:[6, 1, 3, 56]
614:[86, 49, 40, 1, 16, 38]
615:[2, 8, 26]
616:[1, 40]
617:[61, 3, 9, 81, 96]
618:[40, 1, 90]
619:[84, 17, 3, 1, 40]
620:[98, 5, 22, 62]
621:[54, 34, 46]
622:[50, 45, 3]
623:[60, 34, 14, 96]
624:[72, 37, 56, 3, 24]
625:[56, 3, 2, 19]
626:[43, 38, 37]
627:[12, 1, 5, 22, 33]
628:[33, 22, 5, 37, 56]
629:[29, 13, 15, 81, 96]
630:[80, 0, 2, 1, 59]
631:[71, 13, 7, 44, 58]
632:[39, 8, 3, 7, 36]
633:[99, 6, 35]
634:[12, 1, 5, 22, 83]
635:[2, 3, 24]
636:[16, 38, 78]
637:[79, 3, 7, 29, 92]
638:[59, 12, 31]
639:[37, 87, 40, 49]
640:[74, 17, 3, 9, 81]
641:[79, 3, 1, 65]
642:[27, 2, 8]
643:[96, 81, 9, 3, 2, 19]
644:[91, 34, 52, 31]
645:[13, 11, 1, 65]
646:[3, 9]
647:[46, 7, 78]
648:[57, 17, 6, 76]
649:[32, 15, 13, 29]
650:[77, 6, 5, 7, 69]
651:[55, 37, 56, 3, 61, 88]
652:[74, 17, 6, 5, 23]
653:[9, 3, 8]
654:[73, 32, 49]
655:[84, 17, 3, 7, 36]
656:[81, 96, 14]
657:[47, 13, 7, 3, 17, 30]
658:[71, 25, 2, 3]
659:[6, 1, 11, 13, 47]
660:[88, 49, 32, 89, 98]
661:[65, 1, 2]
662:[5, 22, 45, 75]
663:[67, 35, 14, 96]
664:[63, 40, 2, 8, 26]
665:[17, 74, 94]
666:[18, 6, 5, 91]
667:[71, 13, 29, 92]
668:[68, 3]
669:[56, 3, 44]
670:[89, 2, 1, 65]
671:[75, 45, 3, 56]
672:[80, 0, 42, 17, 74]
673:[12, 1, 5, 22, 83]
674:[76, 6, 5, 22, 83]
675:[45, 50, 38, 82]
676:[70, 40, 2]
677:[83, 22, 5, 37, 87]
678:[32, 6, 60]
679:[73, 62, 22]
680:[19, 30, 31, 52]
681:[93, 54, 13]
682:[98, 89, 32, 49, 88]
683:[77, 6, 17, 30]
684:[50, 45, 3, 1, 6, 35]
685:[16, 1, 2, 27]
686:[45, 3, 7, 46, 64]
687:[21, 10, 6, 1, 40]
688:[7, 3, 61]
689:[34, 52, 31]
690:[72, 37, 94]
691:[80, 0, 5, 6, 41]
692:[21, 10, 6, 77]
693:[65, 1, 40, 49, 86]
694:[6, 1, 12]
695:[57, 17, 3, 68]
696:[95, 23, 5, 6, 17, 74]
697:[29, 7, 44, 58]
698:[94, 37, 5]
699:[99, 37, 87, 40, 70]
