0:[44, 3, 17, 74]
1:[47, 13, 15]
2:[13, 11, 1, 6, 67]
3:[22, 0]
4:[26, 8, 3, 45, 50]
5:[93, 52, 34, 14, 5, 98]
6:[49, 32, 6, 34, 46, 64]
7:[67, 6, 1, 2, 20]
8:[98, 5, 6, 60]
9:[40, 2, 89]
10:[8, 3, 7, 29]
11:[83, 22, 5, 7, 29]
12:[45, 3, 1, 40, 87]
13:[56, 37, 38, 82]
14:[39, 8, 3, 7, 29, 92]
15:[23, 5, 22, 45, 75]
16:[40, 1, 4]
17:[14, 10, 7, 29]
18:[84, 17, 6, 34, 52]
19:[64, 46, 7, 3, 79]
20:[41, 6, 5, 37, 94]
21:[37, 5, 0, 42]
22:[34, 6, 32, 73]
23:[56, 3, 1, 6, 76]
24:[9, 3, 17, 53]
25:[49, 80, 0, 22, 83]
26:[78, 38, 16, 1, 4]
27:[39, 8, 2, 40, 49]
28:[4, 1, 40, 87]
29:[84, 17, 3, 1, 59]
30:[55, 37, 38, 43]
31:[79, 3, 7, 13, 54, 93]
32:[37, 10, 6, 76]
33:[56, 3, 2, 25]
34:[17, 3, 45, 75]
35:[53, 4, 2, 20]
36:[55, 37, 5, 98, 89]
37:[60, 6]
38:[61, 3, 7, 29, 92]
39:[0, 5, 6]
40:[44, 3, 45, 22]
41:[86, 49, 79, 3, 68]
42:[35, 6, 1, 3, 45, 50]
43:[65, 1, 3, 17]
44:[45, 3, 1, 6, 32]
45:[60, 6, 32, 49]
46:[52, 34, 14, 96, 81]
47:[74, 38, 48]
48:[87, 40, 49, 86]
49:[56, 37, 94]
50:[60, 6, 5, 23]
51:[78, 38, 43]
52:[28, 2, 3, 9, 81]
53:[89, 2, 25]
54:[43, 1, 5, 23, 95]
55:[20, 2, 1, 6, 76]
56:[48, 37, 10, 6, 34, 52, 93]
57:[51, 1, 11]
58:[90, 1, 40, 49, 86]
59:[0, 2, 1, 12]
60:[7, 3, 17, 53]
61:[83, 22, 45, 3, 79]
62:[24, 3, 7, 29]
63:[79, 49]
64:[89, 32, 6, 99]
65:[36, 5, 6, 99]
66:[17, 3, 45, 75]
67:[21, 10, 6, 17, 42]
68:[71, 95, 23, 66, 18]
69:[26, 8, 3]
70:[57, 17, 42]
71:[0, 5, 14, 96]
72:[34, 6, 1, 2, 8]
73:[91, 5, 98, 89]
74:[15, 13, 71, 25]
75:[78, 38, 48]
76:[90, 1, 6, 10]
77:[97, 84, 17, 3, 2, 20]
78:[65, 1, 6, 34]
79:[19, 8, 24]
80:[47, 13, 69]
81:[84, 17, 3, 2, 20]
82:[48, 37, 5, 0, 28]
83:[47, 13, 7, 36]
84:[95, 23, 5, 6, 17, 74]
85:[24, 3, 9, 81, 96]
86:[11, 1, 5, 37, 72]
87:[88, 49, 40, 2, 25]
88:[19, 8, 3, 7, 13, 54]
89:[60, 6, 17, 74]
90:[50, 45, 3, 8]
91:[28, 0, 5, 7, 46]
92:[66, 18, 6, 34]
93:[66, 18, 6, 32, 73]
94:[34, 14, 10, 37]
95:[73, 32, 15, 7]
96:[16, 1, 90]
97:[98, 5, 14, 96]
98:[21, 10, 37, 56]
99:[61, 8, 2, 20]
100:[87, 40, 2, 25]
101:[59, 1, 5, 36]
102:[44, 3, 2, 0, 80]
103:[65, 1, 12]
104:[41, 23]
105:[46, 7, 11, 90]
106:[44, 7, 5]
107:[83, 22, 0]
108:[60, 6, 1, 3, 56]
109:[89, 2, 1]
110:[8, 3, 7]
111:[15, 32, 49, 88]
112:[68, 3, 79, 49]
113:[53, 17, 42]
114:[8, 3, 44]
115:[47, 13, 11, 1, 12]
116:[7, 11, 90]
117:[71, 25, 2, 40, 63]
118:[94, 37, 5, 22, 33]
119:[87, 40, 2, 25]
120:[64, 46, 34, 14, 21, 82]
121:[70, 40, 2, 28]
122:[58, 37, 5, 22, 83]
123:[77, 6, 1, 90]
124:[36, 5, 0, 42]
125:[90, 1, 3, 56]
126:[93, 52, 34, 6, 32, 73]
127:[96, 81, 9, 6, 99]
128:[48, 38, 74, 17]
129:[97, 94, 37, 56]
130:[85, 21, 10, 7, 29, 92]
131:[93, 52, 34, 60]
132:[70, 40, 87, 37, 55]
133:[43, 1, 6, 41]
134:[25, 71, 13, 15]
135:[45, 3, 8, 26]
136:[35, 6, 1, 11, 13]
137:[5, 6, 32]
138:[61, 3, 7, 69]
139:[45, 3, 7, 10]
140:[57, 17, 74, 38, 72]
141:[33, 22, 5, 1, 12, 31]
142:[80, 0, 2, 1]
143:[14, 10, 7]
144:[8, 2, 89, 98]
145:[36, 5, 6, 35]
146:[66, 18, 6, 67]
147:[99, 6, 34, 52]
148:[11, 7, 46]
149:[87, 37, 94]
150:[20, 2, 0]
151:[54, 13, 7, 3, 24]
152:[93, 52, 34]
153:[1, 3, 61, 88]
154:[67, 6, 1, 2, 25]
155:[11, 1, 5, 37, 94]
156:[76, 84, 85]
157:[28, 2, 3, 68]
158:[52, 34, 14, 10, 37, 58]
159:[39, 8, 3, 12]
160:[55, 21, 14, 34, 52]
161:[90, 1, 6, 32]
162:[32, 6, 76]
163:[48, 37, 10, 14, 96]
164:[71, 13, 15, 81]
165:[97, 84, 17, 3]
166:[50, 45, 3, 1, 90]
167:[5, 0, 42]
168:[41, 23, 11, 13]
169:[70, 40, 1, 12, 31]
170:[47, 13, 7, 3, 45, 75]
171:[69, 7, 3, 61, 88]
172:[70, 40, 87, 37, 58]
173:[82, 21, 10, 6, 18]
174:[25, 2, 1, 6, 41]
175:[3, 1, 4]
176:[53, 17, 3, 44, 58]
177:[22, 62, 86]
178:[64, 46, 7, 3, 45]
179:[47, 13, 7, 3, 9]
180:[76, 6, 34, 52, 93]
181:[54, 34, 14, 10, 37, 87]
182:[82, 38, 16]
183:[89, 32, 6, 76]
184:[88, 49, 40, 1, 65]
185:[6, 32, 15]
186:[41, 6, 5, 7, 78]
187:[75, 45, 22]
188:[59, 1, 5, 37, 55]
189:[62, 22, 0, 28]
190:[34, 14]
191:[53, 17, 84]
192:[0, 2, 40]
193:[55, 37, 56, 3, 61, 88]
194:[85, 84, 76, 39, 27]
195:[24, 3, 9, 18, 66]
196:[6, 1, 59]
197:[2, 1]
198:[80, 49, 77]
199:[12, 3, 17, 84, 97]
200:[84, 17, 6, 67]
201:[97, 94, 37, 56]
202:[83, 23, 11]
203:[74, 38, 37, 58]
204:[28, 2, 25, 71]
205:[5, 1, 43]
206:[32, 6, 10, 21]
207:[39, 8, 19, 30]
208:[50, 38]
209:[4, 2]
210:[70, 40, 2, 8, 39]
211:[35, 6, 5, 37, 48]
212:[33, 22, 45, 3]
213:[20, 2, 19]
214:[49, 32, 6, 34, 52]
215:[72, 37, 10, 21]
216:[55, 21]
217:[59, 1, 3, 7, 15]
218:[30, 17, 3, 7, 36]
219:[94, 37, 87, 40, 49]
220:[54, 13, 7]
221:[80, 0, 5, 91]
222:[97, 84, 17, 6, 34, 52]
223:[82, 21, 10, 6, 32]
224:[10, 6, 17, 53]
225:[84, 17, 3, 7, 36]
226:[2, 1, 6, 99]
227:[78, 7, 11, 27]
228:[43, 1, 2, 27]
229:[84, 17, 3, 79, 49]
230:[27, 2, 89, 32, 73]
231:[81, 15, 32, 73]
232:[23, 11]
233:[47, 13, 11, 1, 4]
234:[52, 34, 6, 1, 40]
235:[25, 2, 19]
236:[88, 49, 80, 0]
237:[26, 17, 74, 38]
238:[58, 44, 7, 29]
239:[37, 5, 0, 2, 25]
240:[8, 3, 9]
241:[85, 84, 17, 3, 2, 25]
242:[48, 37, 72]
243:[94, 74, 38, 16, 65]
244:[35, 6, 34, 46]
245:[65, 1, 5, 98]
246:[59, 1, 3, 17, 84]
247:[59, 1, 2, 8, 39]
248:[54, 34, 6, 17, 53]
249:[55, 21, 10, 6, 60]
250:[35, 6, 1, 2, 25]
251:[11, 1, 6, 34]
252:[82, 21, 10, 7, 36]
253:[81, 9, 3, 12, 31]
254:[15, 32, 73]
255:[89, 32, 15, 13, 47]
256:[23, 11, 13]
257:[72, 37, 10, 21]
258:[14, 5, 1, 12]
259:[59, 1, 3, 7, 69]
260:[49, 32, 6, 34, 46, 64]
261:[13, 7, 5, 37, 55]
262:[40, 1, 16, 38, 82]
263:[57, 17, 3, 79]
264:[1, 5]
265:[11, 23, 33]
266:[34, 6, 1, 2, 8]
267:[49, 40, 87, 37, 72]
268:[91, 5, 1, 11]
269:[85, 21, 10, 37, 58]
270:[82, 38, 16, 1, 2]
271:[24, 3, 1, 11]
272:[35, 6]
273:[19, 2, 1]
274:[58, 37, 5, 0, 80]
275:[93, 52, 34, 6, 32, 89]
276:[66, 23, 5, 37]
277:[70, 40, 87, 37, 72]
278:[50, 45, 3, 79, 49]
279:[70, 40, 49, 88]
280:[85, 21, 14, 34]
281:[16, 9, 63, 70]
282:[35, 6, 41]
283:[53, 17, 6, 5, 23]
284:[67, 6, 51]
285:[48, 37, 10, 6, 34, 54]
286:[72, 37, 10, 7, 11]
287:[19, 8, 3, 7, 69]
288:[70, 40, 1, 11]
289:[24, 3, 45]
290:[62, 22, 0, 80]
291:[51, 1, 2, 8]
292:[82, 21, 10, 7, 3, 24]
293:[22, 33]
294:[78, 38, 74]
295:[55, 37, 5, 22, 33]
296:[4, 1, 6, 41]
297:[77, 49, 40, 63, 75]
298:[46, 34, 6, 76]
299:[65, 1, 43]
300:[83, 22, 5, 7, 68]
301:[13, 71]
302:[72, 37, 10, 7, 13]
303:[91, 5, 1, 3, 79]
304:[48, 37, 10, 6, 77]
305:[21, 10]
306:[94, 74, 17, 53, 4]
307:[1, 40, 70]
308:[14, 5, 1]
309:[0, 22]
310:[21, 10, 7, 29]
311:[94, 74, 38, 50]
312:[64, 46, 34, 52, 93]
313:[53, 17, 3, 7, 15]
314:[56, 3, 12, 31, 52]
315:[9, 3, 8, 26]
316:[20, 11, 7, 46]
317:[49, 80, 0]
318:[21, 14, 5, 22, 83]
319:[35, 14, 21]
320:[43, 1, 6, 34, 54]
321:[57, 1, 59]
322:[95, 23, 11, 1]
323:[41, 6, 1, 40]
324:[3, 1, 6, 35]
325:[55, 37, 38, 78]
326:[58, 44, 3]
327:[92, 29, 13, 11, 1]
328:[4, 2, 0]
329:[95, 23, 5, 6, 17, 26]
330:[30, 17, 3, 45, 22, 33]
331:[39, 8, 2, 89]
332:[39, 27]
333:[24, 8, 19]
334:[67, 6, 1, 11]
335:[3, 17, 84, 97]
336:[45, 3, 61]
337:[5, 1, 12]
338:[79, 3, 45]
339:[21, 10, 6, 77]
340:[47, 13, 54, 93]
341:[58, 44, 3, 1, 59]
342:[60, 6, 17, 74]
343:[34, 6, 1, 90]
344:[84, 17, 53, 4]
345:[36, 7, 46]
346:[16, 1, 5]
347:[11, 1, 6, 32, 73]
348:[94, 74, 17, 3, 68]
349:[92, 29, 13, 71, 95]
350:[81, 9, 6, 41]
351:[87, 40, 1, 6, 76]
352:[47, 13, 7, 46, 64]
353:[63, 9, 3, 7, 29]
354:[47, 13, 11, 1, 57]
355:[17, 6, 76]
356:[4, 2, 8, 26]
357:[18, 9, 3, 56]
358:[19, 2, 1, 6, 77]
359:[17, 3, 2]
360:[10, 6, 1]
361:[91, 34, 6, 67]
362:[68, 7, 5]
363:[96, 81, 9, 63, 40]
364:[20, 2, 0, 5, 14]
365:[84, 17, 42, 0]
366:[37, 5, 1, 4]
367:[29, 7, 5, 6, 77]
368:[74, 17, 3, 9, 63]
369:[87, 37, 58, 44]
370:[54, 34, 14, 10, 37, 94]
371:[84, 17, 26]
372:[0, 2, 40, 87]
373:[70, 40, 1, 11, 13]
374:[56, 3, 2, 25, 71]
375:[62, 53, 17, 6, 34, 54]
376:[57, 1, 5, 36]
377:[89, 32, 6, 10, 21]
378:[88, 49, 40, 1, 65]
379:[64, 46, 34, 6, 18, 66]
380:[36, 5, 37, 56]
381:[67, 6, 9, 63, 75]
382:[32, 6, 76]
383:[67, 6, 5, 37, 94]
384:[79, 49, 32, 6, 60]
385:[73, 32, 6, 17, 26]
386:[41, 6, 1, 3]
387:[10, 6, 1, 40]
388:[70, 40, 2, 0, 42]
389:[58, 44, 3, 9]
390:[82, 21, 10, 7, 44]
391:[50, 45, 22, 5, 91]
392:[16, 9, 3, 8, 26]
393:[11, 1, 3, 9]
394:[78, 38, 16, 1, 57]
395:[32, 15, 81]
396:[66, 23, 33]
397:[39, 8, 2, 40, 63]
398:[25, 2]
399:[32, 6, 9, 63]
400:[88, 49, 32, 6, 34, 52]
401:[18, 6, 76, 39]
402:[79, 49, 80, 0]
403:[44, 7, 15]
404:[68, 7, 29]
405:[97, 94, 37, 5, 91]
406:[21, 10, 7, 3, 8]
407:[66, 23, 5, 0]
408:[40, 1, 5, 23]
409:[68, 3, 2, 0]
410:[50, 45, 3, 2, 27]
411:[14, 5, 1, 57]
412:[28, 0, 5, 7, 29, 92]
413:[92, 54, 34, 6, 18]
414:[49, 40, 1, 59]
415:[96, 14, 5, 0, 28]
416:[83, 22, 45, 75]
417:[79, 3, 1, 57]
418:[25, 2, 8, 26]
419:[67, 6, 5, 37, 48]
420:[67, 6, 10]
421:[99, 6, 1, 2, 20]
422:[55, 37, 5, 0, 2]
423:[39, 8, 3, 12]
424:[30, 31, 12]
425:[17, 3, 7, 15]
426:[26, 17, 6, 34, 52]
427:[67, 35, 14, 21, 85]
428:[41, 6, 1, 2, 28]
429:[83, 22, 45, 3]
430:[41, 6, 1, 2, 25]
431:[89, 32, 6, 17]
432:[12, 3, 56]
433:[42, 0, 5, 23, 95]
434:[86, 49, 80, 0, 42]
435:[51, 1, 65]
436:[95, 23, 11, 1, 51]
437:[60, 6, 67]
438:[41, 6, 10, 21]
439:[85, 21, 82, 38, 50]
440:[91, 5, 1, 57]
441:[51, 1, 3, 7]
442:[2, 89, 98]
443:[27, 2, 3, 45, 50]
444:[32, 6, 76]
445:[16, 9, 6, 34, 54]
446:[28, 0, 80]
447:[87, 40, 1, 51]
448:[76, 6, 1, 57]
449:[85, 84, 76, 39]
450:[96, 14, 5, 1, 59]
451:[45, 3, 9, 18, 66]
452:[5, 1, 90]
453:[38, 16, 9, 6, 34]
454:[61, 3, 7]
455:[82, 21, 14, 5, 22, 62]
456:[49, 32, 6, 76, 39]
457:[51, 1, 3, 45]
458:[10, 6, 9, 81]
459:[97, 84, 17, 3, 44]
460:[89, 32, 15, 7, 78]
461:[66, 18, 6, 34, 52]
462:[80, 0, 5, 23, 66]
463:[5, 6, 67]
464:[57, 17, 3, 45, 75]
465:[14, 34]
466:[18, 66, 23, 33]
467:[73, 32, 15, 13, 47]
468:[64, 39, 76, 84]
469:[35, 6, 1]
470:[82, 21, 14, 96, 81]
471:[6, 5, 14]
472:[27, 2, 89, 98]
473:[16, 65]
474:[19, 2, 40, 63]
475:[56, 3, 8, 26]
476:[65, 1, 3, 79]
477:[57, 17, 6, 77]
478:[36, 5, 1, 57]
479:[16, 1, 4]
480:[86, 49, 32, 6, 51]
481:[37, 10, 7, 68]
482:[42, 17, 6, 34, 52, 93]
483:[52, 34, 6, 1, 40, 70]
484:[5, 22]
485:[27, 2, 40, 87]
486:[84, 17, 6]
487:[17, 30]
488:[84, 17, 3, 7]
489:[35, 6, 17, 42]
490:[17, 3, 7, 46, 64]
491:[80, 0, 5, 7]
492:[4, 1, 5, 14, 96]
493:[67, 6, 5, 0, 80]
494:[7, 13, 71]
495:[78, 38, 74]
496:[24, 3, 1, 90]
497:[29, 7, 5, 37, 72]
498:[99, 37, 10, 7, 68]
499:[0, 2, 8, 26]
500:[46, 7, 3, 45, 50]
501:[17, 3, 12]
502:[25, 2, 1, 6, 34, 52]
503:[14, 10, 37, 58]
504:[52, 34, 14, 10, 37, 94]
505:[52, 34, 46, 7]
506:[0, 2, 3, 56]
507:[13, 71]
508:[59, 1, 2, 8, 39, 64]
509:[33, 22, 5, 6, 60]
510:[67, 35, 14, 21]
511:[94, 74, 17, 6, 32, 73]
512:[94, 74, 17, 3, 45]
513:[13, 11, 1, 2, 28]
514:[11, 1, 43]
515:[13, 7]
516:[54, 34, 6, 67]
517:[69, 7, 10]
518:[17, 3, 1, 59]
519:[10, 7, 3, 45]
520:[40, 49, 86, 62]
521:[43, 1, 2, 25, 71]
522:[61, 3, 45, 22]
523:[27, 11, 23, 66]
524:[20, 2, 0, 5, 37, 94]
525:[40, 1, 3, 7, 29, 92]
526:[1, 6, 32]
527:[42, 0, 5, 23]
528:[9, 3, 45, 22]
529:[0, 5, 6, 60]
530:[0, 2, 40]
531:[77, 49, 32, 89]
532:[99, 37, 10, 7, 69]
533:[80, 0, 42, 17]
534:[6, 5, 22, 83]
535:[68, 3, 44, 58]
536:[64, 46, 34, 52, 31]
537:[8, 39, 64]
538:[66, 23, 11, 13, 47]
539:[39, 27, 11]
540:[90, 1, 6, 99]
541:[66, 23]
542:[2, 1, 16, 38]
543:[88, 49, 80, 0, 22, 33]
544:[61, 3, 17, 84, 85]
545:[98, 5, 37, 72]
546:[42, 0, 5, 7, 78]
547:[90, 1, 2, 8]
548:[63, 40, 2, 20]
549:[40, 1, 11, 13]
550:[29, 13, 11, 23, 41]
551:[14, 10, 7, 13, 71]
552:[89, 2, 3, 24]
553:[14, 10, 7, 3, 8]
554:[56, 3, 1, 6]
555:[72, 37, 5, 22, 83]
556:[52, 34, 14, 10, 37, 48]
557:[53, 17, 6, 41]
558:[11, 1, 3, 17]
559:[3, 17, 42]
560:[19, 30, 17, 74, 94]
561:[90, 1, 51]
562:[97, 84, 17, 3, 2, 28]
563:[63, 40, 2, 89]
564:[86, 49, 40, 63, 75]
565:[26, 8, 2, 1, 90]
566:[17, 42]
567:[48, 37, 10]
568:[52, 34, 6, 1, 57]
569:[37, 10, 7, 13, 71]
570:[96, 81, 9, 3, 56]
571:[78, 38, 74]
572:[58, 44, 7, 36]
573:[62, 53, 17, 3, 8, 39]
574:[6, 32, 49]
575:[8, 2, 1, 59]
576:[49, 80, 0, 22, 33]
577:[75, 63, 9, 81]
578:[73, 32, 6, 34]
579:[64, 46, 34, 14, 96]
580:[68, 3, 1, 90]
581:[3, 2, 19]
582:[1, 2, 0]
583:[26, 8, 19]
584:[54, 34, 6, 17, 42]
585:[56, 3, 7]
586:[68, 3, 79]
587:[17, 3, 12]
588:[30, 17, 3, 56, 37, 55]
589:[73, 62, 86]
590:[82, 21, 10, 6, 18, 66]
591:[63, 9]
592:[10, 7, 46, 64]
593:[74, 17, 3, 45, 22, 33]
594:[18, 9, 3, 61, 88]
595:[82, 21, 14, 5, 22]
596:[2, 3, 7, 78]
597:[52, 34, 6, 51]
598:[74, 17, 6, 67]
599:[78, 38, 74, 17, 53]
600:[10, 6, 17]
601:[15, 13, 29, 92]
602:[70, 40, 2, 19]
603:[50, 45, 3, 61]
604:[86, 49, 88]
605:[37, 5, 22]
606:[5, 0, 80]
607:[79, 3, 9, 81, 96]
608:[17, 84, 97]
609:[0, 5, 6, 77]
610:[88, 49, 40, 87, 37, 94]
611:[65, 1, 57]
612:[90, 1, 4, 53]
613:[54, 34, 46, 64]
614:[19, 2, 1, 6, 35]
615:[96, 81, 9, 3, 56]
616:[22, 45, 3, 79]
617:[99, 37, 5, 0, 28]
618:[64, 46, 7, 3, 12]
619:[12, 1, 5]
620:[5, 1, 57]
621:[19, 8, 3, 45, 75]
622:[97, 84, 17, 3, 44]
623:[69, 13, 29, 92]
624:[87, 40, 1, 43]
625:[79, 49, 40, 63]
626:[52, 34, 6, 17, 53]
627:[25, 2, 0, 5, 37]
628:[30, 17, 6, 77]
629:[7, 3, 12]
630:[93, 52, 34, 91]
631:[72, 37, 5, 22]
632:[53, 17, 6, 5, 23, 95]
633:[44, 3, 45]
634:[70, 40, 2, 89]
635:[37, 56, 3, 61]
636:[10, 6, 60]
637:[27, 39, 76, 84, 97]
638:[70, 63, 75, 45]
639:[79, 3, 17]
640:[49, 79, 3]
641:[3, 79]
642:[6, 1, 3]
643:[72, 38, 43]
644:[71, 25, 2, 1, 12, 31]
645:[90, 1, 40, 49, 86]
646:[72, 37, 58, 44]
647:[15, 32, 49, 86]
648:[97, 84, 17, 6, 51]
649:[33, 22]
650:[52, 34, 6, 1, 90]
651:[76, 6, 1, 3]
652:[85, 84, 17, 6, 41]
653:[98, 5, 22]
654:[97, 94, 37, 55]
655:[76, 6, 5, 7, 29]
656:[11, 1, 5, 37, 94]
657:[99, 37, 38, 50]
658:[43, 1, 40, 49]
659:[33, 23, 11, 20]
660:[27, 2, 1, 43]
661:[35, 6, 34, 46]
662:[10, 6, 32, 73]
663:[87, 40, 1, 65]
664:[21, 10, 7, 13, 47]
665:[52, 31, 12, 3, 56]
666:[97, 94, 37, 5, 91]
667:[12, 3, 7, 46, 64]
668:[94, 74, 17, 3, 9]
669:[64, 46, 34, 14, 96]
670:[23, 11]
671:[40, 1, 3, 7, 29, 92]
672:[1, 3, 17, 84, 85]
673:[51, 1, 2, 28]
674:[71, 25, 2, 0, 22, 62]
675:[10, 6, 18]
676:[90, 1, 3, 17, 84, 85]
677:[11, 1, 6]
678:[23, 5, 6, 17, 84]
679:[71, 13, 7, 44, 58]
680:[42, 0, 22, 33]
681:[87, 37, 38, 74]
682:[15, 13, 71, 95]
683:[28, 0, 5, 37, 55]
684:[29, 7, 3, 8, 26]
685:[97, 84, 17, 3, 45, 75]
686:[89, 2, 4, 53]
687:[33, 22, 5, 1, 12]
688:[95, 23, 11, 1, 16]
689:[20, 2, 3, 45]
690:[37, 38, 78]
691:[89, 32, 73]
692:[17, 6, 35]
693:[34, 46, 64]
694:[17, 3, 2, 25, 71]
695:[48, 37, 10, 6, 34, 52]
696:[91, 5, 98]
697:[77, 49, 40, 2, 8]
698:[87, 40, 1, 6, 41]
699:[9, 3, 7, 29]
700:[62, 22, 33]
701:[58, 44, 7, 46, 34]
702:[33, 23, 11, 20]
703:[23, 11, 13, 54, 93]
704:[27, 2, 3, 61]
705:[34, 14, 10, 37, 72]
706:[73, 32, 15, 81]
707:[68, 3, 1, 6, 60]
708:[92, 29, 7, 3, 45]
709:[35, 6, 5, 7, 29]
710:[77, 6, 1, 4]
711:[7, 5, 98]
712:[14, 10, 6, 17, 30]
713:[56, 3, 2, 27]
714:[67, 6, 1, 3, 61]
715:[15, 13, 29]
716:[38, 48]
717:[90, 1, 3, 17, 74]
718:[7, 5, 22, 62]
719:[73, 32, 89, 2, 20]
720:[20, 11]
721:[27, 2, 1, 12]
722:[66, 18, 9, 3, 45, 50]
723:[51, 1, 40, 87]
724:[54, 13, 15]
725:[4, 1, 3, 45, 75]
726:[70, 40, 1, 3, 17, 84]
727:[89, 2, 3, 56]
728:[73, 32, 6, 1, 43]
729:[17, 3, 56, 37, 55]
730:[40, 1, 3, 17, 84]
731:[28, 2, 1, 16]
732:[75, 45, 3, 1, 59]
733:[71, 25, 2, 1, 6, 99]
734:[86, 49, 32, 6, 99]
735:[52, 34, 6, 32, 73]
736:[62, 22, 5, 7, 78]
737:[43, 38, 48]
738:[95, 23, 5, 6, 17, 26]
739:[8, 2, 0, 22, 62]
740:[52, 34, 6, 1, 11]
741:[35, 6, 1, 90]
742:[64, 46, 34, 6, 17, 53]
743:[0, 2]
744:[64, 39, 76, 84, 85]
745:[1, 5, 37, 55]
746:[25, 2, 1, 65]
747:[48, 37, 5, 22, 62, 86]
748:[37, 10, 21]
749:[92, 29, 13, 11, 23, 33]
750:[15, 7, 5, 22]
751:[27, 2, 89]
752:[13, 11, 23, 41]
753:[14, 5, 98]
754:[39, 76, 84, 85]
755:[28, 2, 1, 65]
756:[12, 3, 7, 46, 64]
757:[87, 37, 10, 7, 46]
758:[4, 1, 40, 70]
759:[22, 45, 3]
760:[51, 1, 40, 49]
761:[93, 52, 34, 14, 5, 0]
762:[37, 56, 3, 24]
763:[64, 46, 34, 14, 35]
764:[60, 6, 17, 30]
765:[58, 44, 7, 46, 34]
766:[69, 7, 3, 12]
767:[20, 2, 3, 44, 58]
768:[57, 17, 3, 7, 29]
769:[3, 17, 84]
770:[74, 38, 16]
771:[17, 6, 32]
772:[48, 37, 10, 7, 29, 92]
773:[7, 15, 32, 73]
774:[81, 9, 18, 66]
775:[19, 8, 61, 88]
776:[75, 45, 3, 7, 13]
777:[31, 12, 1, 6, 35]
778:[45, 3, 2, 89]
779:[17, 3, 12]
780:[17, 3, 68]
781:[45, 3, 7, 13]
782:[62, 22, 5, 7, 69]
783:[17, 3, 2, 25, 71]
784:[19, 30, 17, 74, 94]
785:[35, 6, 1, 11, 13, 47]
786:[5, 7, 29]
787:[43, 1, 16]
788:[25, 2, 1, 59]
789:[36, 5, 22, 33]
790:[89, 2, 8, 39]
791:[87, 37, 5, 23, 66]
792:[45, 3, 7, 46]
793:[98, 5, 37]
794:[87, 40, 1, 6, 34, 52]
795:[40, 87, 37, 72]
796:[80, 0, 5, 23]
797:[13, 11, 1, 6, 77]
798:[99, 6, 17, 84]
799:[63, 40, 87, 37, 94]
800:[22, 5, 36]
801:[26, 8, 3, 44, 58]
802:[25, 2, 28]
803:[79, 3, 24]
804:[17, 3, 1, 90]
805:[6, 5, 98]
806:[1, 16]
807:[49, 32, 6, 41]
808:[65, 1, 2, 8, 26]
809:[58, 37, 38, 16]
810:[34, 54, 13, 71]
811:[76, 6, 32, 89]
812:[71, 25, 2, 1, 59]
813:[43, 1, 6, 32]
814:[87, 40, 1, 6, 35]
815:[54, 34, 6, 51]
816:[80, 49, 77]
817:[29, 13, 11, 23, 41]
818:[3, 44, 58]
819:[55, 21, 10, 7, 13]
820:[31, 12, 1, 5, 36]
821:[34, 14, 5, 23]
822:[60, 34, 54, 92]
823:[29, 7, 3, 17, 53]
824:[81, 9, 3, 2, 20]
825:[12, 1, 5, 23, 95]
826:[4, 2, 20]
827:[97, 84, 17, 53, 4]
828:[36, 7, 3, 24]
829:[84, 17, 6, 34, 52]
830:[48, 37, 10, 6, 32]
831:[43, 1, 2, 0]
832:[85, 84, 17, 6]
833:[23, 5, 6, 99]
834:[28, 2, 3, 44]
835:[94, 74, 17, 3, 9, 81]
836:[17, 53]
837:[14, 35, 67]
838:[53, 17, 3, 79]
839:[50, 45, 3, 2, 28]
840:[39, 8, 3, 56, 37]
841:[22, 5, 37]
842:[50, 45, 3, 2, 19]
843:[66, 18, 9, 3, 12, 31]
844:[37, 10, 7, 68]
845:[75, 45, 3, 61]
846:[71, 25, 2, 1, 65]
847:[98, 5, 1, 12, 31]
848:[49, 32, 15]
849:[40, 1, 6, 76]
850:[32, 6, 5, 22, 33]
851:[50, 45, 22, 5, 91]
852:[17, 3, 2, 20]
853:[95, 23, 5, 6, 9]
854:[99, 6, 41]
855:[21, 10, 6, 1, 59]
856:[62, 53, 17, 30, 19]
857:[14, 10, 7, 15]
858:[16, 1, 40, 87]
859:[17, 3, 79, 49]
860:[82, 21, 10, 7, 36]
861:[68, 7, 5, 98]
862:[59, 1, 3, 79]
863:[51, 1, 2, 25, 71]
864:[78, 7, 11, 27]
865:[86, 49, 40, 63]
866:[89, 2, 8]
867:[17, 3, 7, 78]
868:[65, 1, 2, 0]
869:[7, 78, 38]
870:[74, 17, 30, 31]
871:[44, 3, 1, 6, 35]
872:[84, 17, 3, 8]
873:[16, 9, 6, 32]
874:[75, 45, 22, 62]
875:[37, 5, 98]
876:[57, 17, 6, 35]
877:[24, 3, 7, 29]
878:[15, 13, 11, 90]
879:[3, 2, 0, 80]
880:[88, 49, 32, 6, 41]
881:[53, 62, 73]
882:[62, 53, 17, 84, 85]
883:[31, 12, 1, 16]
884:[22, 5, 7, 15]
885:[30, 31]
886:[23, 5, 6, 35]
887:[0, 2]
888:[97, 84, 17, 6]
889:[83, 22, 5, 6, 99]
890:[83, 23]
891:[78, 7, 46, 34]
892:[93, 52, 34, 46, 64]
893:[87, 40, 49, 32, 73]
894:[52, 31, 30, 19]
895:[60, 6, 32, 49]
896:[80, 0, 2, 27]
897:[61, 3, 1, 11]
898:[83, 22, 5, 1, 16]
899:[27, 2, 25]
900:[65, 1, 2, 19]
901:[54, 34, 6, 1, 57]
902:[23, 5, 37, 87]
903:[69, 13, 54, 93]
904:[32, 15, 7, 78]
905:[43, 1, 11, 13]
906:[36, 5, 6, 41]
907:[12, 31, 52]
908:[16, 1, 90]
909:[13, 7, 3, 17, 42]
910:[63, 40, 2, 8, 26]
911:[30, 17, 3, 1, 43]
912:[37, 10, 7, 13]
913:[46, 34, 91]
914:[9, 3, 61, 88]
915:[67, 6, 1, 11]
916:[89, 32, 6, 9]
917:[17, 3, 1, 40]
918:[78, 7, 3, 2, 19]
919:[41, 6, 5, 7, 69]
920:[72, 37, 10, 6, 34, 54]
921:[43, 1, 3, 17, 84]
922:[25, 2, 3, 44]
923:[3, 2, 27]
924:[1, 65]
925:[60, 34, 46, 7, 69]
926:[71, 25, 2, 40]
927:[49, 32, 6, 9]
928:[29, 7, 3, 24]
929:[44, 3, 1, 6, 67]
930:[73, 32, 89, 2, 19]
931:[91, 5, 37, 87]
932:[50, 45, 22, 5, 23, 95]
933:[56, 3, 2, 27]
934:[9, 16]
935:[0, 42, 17, 74]
936:[21, 10, 6, 1, 2]
937:[16, 1, 5]
938:[50, 45, 3, 24]
939:[68, 3, 56, 37]
940:[52, 34, 14, 5, 22]
941:[24, 8, 2, 40, 87]
942:[34, 46, 7, 68]
943:[3, 17, 84, 85]
944:[52, 34, 6, 17, 74]
945:[71, 25, 2, 0]
946:[55, 21, 10, 6, 9]
947:[46, 34, 6, 17, 74]
948:[91, 34, 46, 64]
949:[36, 5, 37, 94]
950:[67, 6, 9, 63]
951:[60, 34, 46, 7, 44]
952:[77, 6, 34, 46, 64]
953:[48, 37, 56, 3, 8]
954:[6, 77]
955:[35, 6, 5, 7, 78]
956:[88, 49, 32, 6, 34, 54]
957:[49, 40, 1, 4]
958:[41, 6]
959:[15, 7, 3, 45, 50]
960:[26, 8, 3, 7, 13, 47]
961:[65, 1, 5, 23]
962:[36, 7, 46]
963:[84, 17, 3, 2]
964:[49, 40, 63, 75]
965:[10, 6, 1, 12]
966:[77, 6, 41]
967:[1, 5, 23]
968:[53, 17, 26]
969:[78, 7, 5, 6, 41]
970:[82, 21, 10, 6, 76]
971:[64, 46, 7, 29]
972:[64, 46, 7, 5, 37, 94]
973:[53, 17, 3, 7]
974:[64, 46, 7, 44]
975:[34, 6, 17, 42]
976:[84, 17, 3, 2, 25]
977:[50, 45, 3, 7, 69]
978:[3, 45, 22]
979:[96, 81, 15, 13]
980:[70, 40, 87, 37]
981:[24, 8, 2, 25]
982:[2, 3, 45]
983:[0, 2, 25]
984:[44, 3, 45, 75]
985:[51, 1]
986:[84, 17, 26]
987:[77, 6, 34, 52, 93]
988:[23, 5, 37]
989:[66, 23, 11, 13]
990:[27, 2, 3, 17, 74]
991:[59, 12, 31, 30]
992:[0, 5, 37, 55]
993:[67, 6, 5, 98]
994:[64, 46, 34, 6, 18]
995:[86, 62]
996:[5, 37, 48]
997:[83, 22, 5, 7, 69]
998:[50, 38, 37, 99]
999:[66, 23, 5, 0]
