0:[74, 17, 3, 45, 22, 83]
1:[30, 17, 3, 79]
2:[53, 4, 2, 25]
3:[7, 5, 6]
4:[56, 3, 8, 39]
5:[50, 45, 22, 62, 73]
6:[47, 13, 11, 27]
7:[81, 9, 6, 5, 98]
8:[38, 16, 1, 59]
9:[43, 1, 40, 49, 86]
10:[31, 12, 1, 6, 41]
11:[40, 1, 11, 13, 47]
12:[96, 14, 34, 52, 93]
13:[16, 9, 6, 76]
14:[23, 5, 36]
15:[24, 3, 1, 5]
16:[60, 6, 5, 98]
17:[80, 0, 5, 6]
18:[31, 30, 17]
19:[89, 32, 6, 18]
20:[15, 7, 10, 21, 82]
21:[82, 21, 14, 5, 22, 83]
22:[44, 7, 5, 14]
23:[63, 40, 2, 8, 39, 64]
24:[51, 6, 34, 54]
25:[75, 45, 50]
26:[59, 1, 16, 38]
27:[90, 1, 40, 63]
28:[63, 9, 18, 66]
29:[80, 0, 2, 4, 53]
30:[56, 3, 9, 18, 66]
31:[21, 10, 7, 69]
32:[40, 87, 37, 58]
33:[17, 3, 68]
34:[51, 1, 3, 79]
35:[44, 7, 46]
36:[1, 6, 10]
37:[23, 11]
38:[87, 40, 2, 28]
39:[20, 2, 40, 49]
40:[86, 49, 40, 1, 16]
41:[67, 6, 5, 7, 29]
42:[9, 3, 7, 46]
43:[12, 1, 2, 89]
44:[19, 8, 3, 7, 69]
45:[83, 22, 5, 14, 21, 82]
46:[24, 3, 17, 84]
47:[89, 98]
48:[39, 8, 2, 0, 80]
49:[92, 29, 13, 11, 27]
50:[33, 22, 45]
51:[8, 2, 1, 16, 38, 82]
52:[79, 3, 17]
53:[44, 3, 8, 26]
54:[69, 13, 11]
55:[28, 0, 5, 37, 94]
56:[28, 2, 3, 56]
57:[42, 0, 5, 7, 29, 92]
58:[39, 8, 3, 7, 78]
59:[3, 1, 16, 38]
60:[92, 29, 13, 15, 32, 73]
61:[91, 34, 14, 21]
62:[66, 18, 6, 99]
63:[81, 9, 3, 56, 37]
64:[20, 11, 7, 15]
65:[92, 29, 7, 5]
66:[49, 32, 6, 17, 30]
67:[90, 11, 7, 78]
68:[30, 17, 3, 45, 22, 83]
69:[2, 3, 17, 84]
70:[64, 39, 76, 84]
71:[56, 3, 7, 13]
72:[29, 7, 5, 0]
73:[75, 45, 3, 7, 46]
74:[58, 44, 3, 24]
75:[67, 6, 5, 37, 58]
76:[19, 2, 1, 6]
77:[38, 16, 9]
78:[65, 1, 12, 31]
79:[48, 37, 5, 23, 66]
80:[10, 7, 3, 45]
81:[82, 21, 14, 5, 23, 95]
82:[23, 11, 1, 51]
83:[8, 2, 4, 53]
84:[22, 5, 6, 77]
85:[4, 1, 5, 22, 83]
86:[70, 63, 75, 45]
87:[99, 6, 1, 4]
88:[78, 7, 15, 32]
89:[1, 65]
90:[92, 29, 7, 3, 17]
91:[29, 13, 11, 1, 51]
92:[24, 3, 17, 53, 62]
93:[43, 1, 2, 0, 80]
94:[6, 10]
95:[10, 7, 3, 45]
96:[14, 10, 37, 48]
97:[59, 1, 2, 19]
98:[64, 46, 7, 11, 20]
99:[30, 17, 74, 38, 82]
100:[2, 1, 6, 34, 52, 93]
101:[88, 61, 8, 19, 30]
102:[99, 6, 34, 54]
103:[28, 0, 5, 6, 41]
104:[45, 3, 2, 25, 71]
105:[12, 3, 7, 29]
106:[7, 44, 58]
107:[11, 1, 16, 38]
108:[7, 3, 1, 43]
109:[34, 52, 93]
110:[75, 63, 40]
111:[88, 49, 40]
112:[41, 6, 34, 52, 93]
113:[30, 19, 8, 39, 64]
114:[45, 3, 12, 31, 52]
115:[74, 17, 3, 7, 46]
116:[27, 11, 7, 69]
117:[58, 37, 87]
118:[37, 10, 6, 51]
119:[40, 1, 59]
120:[61, 8, 2, 0]
121:[55, 37, 5, 1, 59]
122:[96, 14, 35, 67]
123:[12, 1, 5, 37, 94]
124:[51, 1, 16]
125:[99, 37, 94]
126:[45, 3, 79, 49]
127:[83, 22, 45, 75]
128:[13, 7, 3, 61, 88]
129:[41, 6, 5, 22, 62]
130:[97, 94, 37, 48]
131:[8, 2, 0, 5, 23]
132:[16, 9, 3, 17, 42]
133:[13, 7]
134:[74, 17, 3, 9, 81]
135:[66, 18, 9, 3, 12]
136:[44, 3, 68]
137:[3, 45, 22, 33]
138:[5, 6, 34, 52, 93]
139:[5, 6, 18]
140:[90, 1, 3, 9, 81]
141:[97, 84, 17, 6, 35]
142:[32, 6, 1, 3]
143:[36, 5, 1]
144:[11, 1, 6, 32, 73]
145:[96, 14, 5, 1, 4]
146:[50, 45, 3, 1, 6, 41]
147:[45, 3, 7]
148:[34, 6, 67]
149:[70, 40, 1, 5, 14]
150:[39, 27, 11, 23, 83]
151:[76, 6, 18]
152:[20, 2, 40, 49, 86]
153:[63, 40, 1, 5]
154:[59, 1, 11, 13, 47]
155:[24, 3, 1, 6, 99]
156:[70, 40, 2, 89]
157:[90, 1, 6, 34, 52]
158:[14, 34, 52, 93]
159:[4, 2, 25]
160:[71, 13, 7, 5, 37, 72]
161:[76, 6, 1, 11]
162:[24, 8, 19]
163:[7, 11, 27]
164:[7, 44]
165:[63, 9, 3, 7, 78]
166:[22, 5, 14, 96]
167:[35, 6, 17, 74]
168:[62, 53, 17, 3, 8]
169:[69, 7, 3, 24]
170:[68, 7, 78]
171:[3, 1, 6]
172:[25, 2, 3, 7]
173:[5, 6, 60]
174:[61, 3, 1, 43]
175:[61, 3, 1]
176:[92, 29, 7, 3, 8]
177:[19, 2, 1, 6, 41]
178:[5, 7, 69]
179:[26, 17, 6, 34]
180:[5, 14, 21]
181:[9, 3, 1, 90]
182:[91, 5, 23, 66]
183:[44, 7, 13, 54, 93]
184:[15, 13, 47]
185:[63, 40, 49]
186:[31, 12, 1, 6, 32, 73]
187:[79, 3, 2, 28]
188:[36, 7, 3, 61]
189:[97, 84, 85, 21, 14, 96]
190:[26, 17, 6, 5, 23]
191:[25, 71, 13, 29, 92]
192:[85, 21, 14, 34, 54]
193:[63, 9, 6, 34, 52]
194:[81, 9, 16, 38, 72]
195:[1, 2, 19, 30]
196:[42, 17, 30]
197:[78, 7, 13, 71]
198:[68, 3, 1, 43]
199:[14, 5, 1, 12]
200:[45, 3, 12, 31]
201:[35, 6, 1, 2, 25, 71]
202:[9, 6, 5, 23, 95]
203:[16, 9, 3, 7]
204:[70, 40, 1, 16, 38]
205:[14, 10, 37, 87]
206:[45, 3, 61]
207:[20, 2, 3, 17, 74]
208:[71, 25, 2, 89, 98]
209:[71, 13, 29, 92]
210:[13, 7, 5, 98]
211:[87, 40, 1, 12]
212:[29, 7, 5, 37, 87]
213:[47, 13, 7, 5, 22, 62]
214:[71, 25, 2, 40, 63]
215:[57, 17, 3, 61, 88]
216:[37, 38]
217:[10, 6, 1, 2]
218:[62, 22, 5, 7]
219:[84, 76, 39]
220:[52, 34, 14]
221:[25, 2, 27]
222:[3, 56, 37, 72]
223:[85, 84, 17, 30, 19]
224:[98, 5, 6]
225:[14, 34, 54]
226:[12, 1, 6, 10]
227:[34, 6, 1, 2]
228:[24, 3, 7, 10]
229:[34, 46, 7, 68]
230:[96, 14, 34, 52]
231:[65, 1, 3, 7]
232:[64, 39, 8, 26]
233:[46, 34]
234:[23, 5, 6]
235:[40, 1, 16, 38]
236:[39, 76, 6, 60]
237:[18, 6, 32]
238:[38, 78, 7, 13, 47]
239:[48, 37, 56]
240:[7, 44, 58]
241:[7, 3, 1, 57]
242:[80, 0, 42]
243:[0, 5, 7, 13]
244:[57, 17, 3, 61, 88]
245:[9, 6, 32]
246:[76, 6, 1, 2, 20]
247:[13, 15, 32, 73]
248:[91, 5, 37, 38]
249:[29, 7, 5, 37, 55]
250:[33, 22, 5, 37, 87]
251:[19, 8, 3, 44, 58]
252:[66, 23, 11, 13, 47]
253:[19, 2, 1]
254:[75, 63, 40, 49]
255:[19, 8, 3, 7]
256:[79, 3, 1, 5]
257:[68, 3, 17, 42]
258:[38, 16, 1, 2, 27]
259:[32, 6, 5, 37]
260:[1, 3, 17]
261:[61, 3, 1, 57]
262:[67, 6, 5, 98]
263:[92, 29, 7, 3, 17]
264:[89, 2, 25]
265:[21, 10, 7, 29, 92]
266:[69, 13, 11, 1, 51]
267:[86, 49, 32, 6, 10]
268:[70, 40, 1, 6, 99]
269:[6, 5, 22, 62]
270:[53, 17, 84, 97]
271:[70, 40, 1, 6, 99]
272:[36, 5, 37, 56]
273:[46, 34, 14, 35]
274:[15, 13, 54, 93]
275:[64, 46, 7, 5, 23, 95]
276:[81, 9, 3, 17, 30]
277:[42, 0, 5, 37, 48]
278:[73, 32, 6, 34, 46, 64]
279:[0, 42, 17, 74]
280:[50, 45, 3, 1, 11]
281:[69, 13]
282:[43, 1, 2, 27]
283:[42, 17, 6, 18]
284:[15, 7, 3, 8]
285:[8, 3, 12, 31]
286:[8, 2, 20]
287:[62, 53, 17, 74, 38]
288:[20, 2, 3, 17, 74]
289:[8, 2, 27]
290:[97, 94, 37, 5, 23, 95]
291:[82, 21, 14, 5, 0, 80]
292:[5, 7, 15]
293:[8, 3, 9, 18]
294:[65, 16, 38]
295:[91, 5, 37, 55]
296:[61, 3, 1, 6]
297:[32, 6, 5, 22, 33]
298:[48, 37, 87, 40]
299:[59, 1, 2, 8, 26]
300:[78, 7, 5, 23, 66]
301:[89, 2, 19, 30]
302:[64, 46, 34, 6, 41]
303:[74, 17, 6, 34]
304:[98, 5, 7, 44]
305:[73, 32, 6, 35]
306:[70, 40, 1, 6, 41]
307:[19, 2, 40, 63]
308:[73, 32, 6, 35]
309:[66, 23, 5, 22]
310:[42, 0, 22, 45, 75]
311:[52, 31, 12, 3, 8]
312:[45, 3, 7, 29]
313:[1, 3, 61, 88]
314:[62, 22, 5, 98]
315:[41, 6, 77]
316:[83, 22, 5, 14, 21, 82]
317:[99, 37, 5]
318:[42, 0, 2, 19]
319:[60, 6, 1, 11]
320:[54, 34, 6, 1, 40, 70]
321:[43, 1, 2, 25]
322:[88, 61, 3, 56]
323:[1, 2, 27]
324:[70, 40, 1, 5, 91]
325:[78, 7, 3, 2, 19]
326:[0, 2, 1, 12]
327:[98, 89, 32, 49]
328:[95, 23, 5, 6, 17, 30]
329:[79, 49, 32, 6]
330:[66, 18, 6, 17]
331:[51, 6, 34, 46]
332:[49, 32, 6, 10, 21, 82]
333:[27, 2, 1, 12]
334:[24, 8, 61]
335:[19, 8]
336:[58, 37, 38, 50]
337:[89, 2, 25, 71, 95]
338:[48, 37, 10, 6, 34, 52, 93]
339:[93, 54, 13, 71, 25]
340:[67, 6, 5, 37]
341:[58, 44, 3, 45, 75]
342:[89, 2, 0, 22]
343:[35, 6, 1, 16, 38]
344:[88, 61, 3, 7, 78]
345:[93, 52, 34, 6, 51]
346:[37, 5, 1, 4]
347:[56, 3, 2, 0]
348:[46, 34, 54, 92]
349:[18, 6, 34, 46]
350:[98, 5, 1, 59]
351:[64, 39, 8, 26]
352:[93, 52, 34, 14, 10, 37, 87]
353:[61, 3, 7]
354:[13, 7, 5, 98]
355:[11, 1, 51]
356:[4, 1, 3, 24]
357:[32, 6, 34, 46, 64]
358:[18, 9, 3, 7, 13, 47]
359:[51, 1, 5, 37, 55]
360:[30, 17, 3, 7, 13, 47]
361:[49, 32, 6, 76]
362:[5, 1]
363:[41, 6, 1, 65]
364:[64, 39, 8, 2, 89]
365:[78, 7, 13, 47]
366:[64, 46, 34, 14, 21, 82]
367:[50, 45, 3, 17, 53]
368:[75, 45, 50, 38, 72]
369:[56, 3, 1, 65]
370:[2, 1, 6, 99]
371:[48, 38, 16, 65]
372:[92, 29, 13, 11, 1, 40]
373:[91, 5, 1, 4]
374:[92, 29, 7, 5, 37, 48]
375:[39, 76, 6, 67]
376:[52, 34, 14, 5, 98]
377:[17, 3, 1, 59]
378:[89, 98, 5, 91]
379:[39, 8, 2, 89]
380:[38, 16, 9, 6, 35]
381:[61, 8, 2, 40]
382:[43, 1, 3, 79]
383:[35, 6, 1, 16]
384:[97, 84, 17, 3, 45, 75]
385:[71, 25, 2, 0]
386:[45, 50, 38, 72]
387:[67, 6, 32, 49, 88]
388:[44, 3, 79, 49]
389:[91, 34, 14]
390:[80, 49, 88, 61]
391:[31, 52, 34, 91]
392:[99, 37, 5]
393:[11, 1, 5, 37, 94]
394:[51, 1, 5, 22]
395:[31, 12, 1, 6]
396:[32, 15]
397:[88, 49, 32, 6, 60]
398:[10, 6, 41]
399:[23, 5, 37, 38]
400:[49, 80, 0, 22, 33]
401:[33, 22, 62, 73]
402:[35, 6, 5, 7, 29]
403:[67, 6, 1, 2, 25]
404:[28, 2, 1, 65]
405:[24, 8, 2, 4]
406:[76, 6, 1, 2, 20]
407:[71, 13, 15, 32]
408:[34, 54]
409:[58, 44, 3, 79]
410:[86, 49, 32, 6, 10]
411:[8, 2, 89, 98]
412:[49, 40, 1, 57]
413:[85, 84, 17, 57]
414:[41, 6, 1, 3, 24]
415:[52, 34, 14]
416:[58, 44, 3, 8]
417:[21, 14, 34, 52, 93]
418:[19, 2, 0, 22, 62]
419:[36, 5, 1, 90]
420:[22, 5, 98]
421:[41, 6, 32, 49, 86]
422:[87, 40, 1, 4, 53]
423:[18, 9, 3, 61]
424:[10, 6, 32, 89]
425:[39, 27, 11, 23, 66]
426:[70, 40, 1, 6, 67]
427:[86, 49, 79, 3, 56]
428:[97, 84, 17, 3, 79]
429:[67, 6, 1, 3, 61]
430:[14, 34, 52]
431:[12, 1, 5, 22, 33]
432:[69, 13, 11, 1, 57]
433:[15, 13, 71, 95]
434:[13, 11, 1, 40, 70]
435:[33, 22, 5, 1, 65]
436:[40, 70]
437:[83, 23, 11, 90]
438:[6, 17, 84, 97]
439:[27, 2, 0, 5]
440:[47, 13, 54]
441:[69, 7, 3, 17, 53]
442:[86, 49, 40, 1, 12]
443:[82, 21, 10, 6, 41]
444:[81, 9, 3, 2, 20]
445:[86, 62, 73]
446:[14, 5, 22]
447:[27, 2, 0, 80]
448:[12, 1, 40]
449:[23, 5, 37, 55]
450:[89, 2, 19, 30]
451:[42, 0, 5]
452:[0, 42, 17, 74]
453:[15, 7, 3, 24]
454:[75, 45, 3, 7, 13, 47]
455:[27, 2, 20]
456:[31, 52, 34, 14]
457:[47, 13, 15, 32, 89]
458:[98, 5, 6, 18]
459:[89, 2, 3, 68]
460:[35, 6, 77]
461:[8, 2, 25, 71]
462:[47, 13, 7, 10]
463:[39, 76, 6, 51]
464:[20, 2, 3, 9]
465:[86, 49, 79, 3, 68]
466:[24, 8, 2, 27]
467:[71, 25, 2, 8, 26]
468:[36, 7, 13, 54]
469:[66, 23, 5, 37]
470:[44, 3]
471:[98, 5, 1, 51]
472:[99, 37, 58, 44]
473:[62, 22, 5, 7, 29, 92]
474:[91, 5, 37, 72]
475:[46, 7, 3, 24]
476:[78, 7, 46, 34, 52]
477:[44, 3, 1, 65]
478:[31, 30, 17, 84, 85]
479:[69, 7, 3, 12, 31]
480:[33, 22, 5, 1, 59]
481:[22, 5, 23, 95]
482:[14, 5, 1, 65]
483:[33, 22, 5, 6, 77]
484:[47, 13, 7, 3, 17, 74]
485:[25, 2, 3, 24]
486:[45, 50, 38, 82]
487:[74, 17, 3, 1, 59]
488:[22, 5, 7]
489:[19, 8, 3, 56, 37, 72]
490:[55, 37, 56, 3, 61]
491:[11, 1, 3, 56]
492:[70, 40, 49, 86]
493:[25, 2, 1, 43]
494:[58, 44, 7, 15, 32]
495:[12, 1, 40, 87]
496:[49, 32, 6, 34]
497:[40, 87, 37, 58]
498:[51, 6, 34, 54, 92]
499:[76, 84, 97, 94]
500:[43, 1, 2, 8, 26]
501:[35, 6, 1, 40, 87]
502:[66, 18, 9, 3, 45, 50]
503:[98, 5, 7, 68]
504:[11, 1, 6, 35]
505:[6, 5, 7]
506:[41, 6, 1, 3, 56]
507:[29, 7, 5, 98]
508:[56, 3, 44]
509:[23, 5, 6, 17]
510:[52, 34, 14, 21, 85]
511:[49, 32, 6, 5, 23]
512:[56, 3, 9, 81, 96]
513:[86, 62, 22, 45]
514:[92, 54, 34]
515:[27, 11, 23, 83]
516:[85, 21, 10, 7, 13]
517:[98, 5]
518:[78, 38, 37, 58]
519:[69, 7, 3, 45]
520:[7, 3, 9, 18]
521:[31, 12, 3, 7]
522:[87, 40, 2, 19]
523:[26, 8, 2, 25, 71, 95]
524:[39, 27, 11, 90]
525:[46, 34, 6, 17, 74]
526:[84, 17, 3, 44]
527:[79, 3, 17]
528:[66, 18, 6, 34, 54]
529:[65, 16, 9, 63]
530:[50, 45, 22, 0, 80]
531:[85, 84, 17, 3, 79, 49]
532:[70, 40, 1, 4, 53]
533:[54, 13, 11, 23, 83]
534:[27, 2, 0, 5, 37, 48]
535:[74, 17, 6, 5]
536:[54, 34, 6, 9, 63, 75]
537:[57, 17, 6, 60]
538:[0, 2, 1, 51]
539:[76, 6, 5, 98]
540:[63, 9, 6, 35]
541:[17, 6, 5, 23]
542:[71, 13, 7, 36]
543:[59, 1, 3, 7, 29, 92]
544:[90, 1, 40]
545:[46, 7, 5, 22]
546:[69, 7, 3, 2, 28]
547:[32, 6, 34, 52, 93]
548:[16, 1, 5, 91]
549:[53, 17, 30]
550:[55, 37, 87, 40]
551:[9, 6]
552:[67, 6, 1, 3, 45, 50]
553:[83, 22, 5, 37, 38]
554:[8, 3, 56, 37]
555:[56, 3, 9, 18]
556:[39, 8, 2, 20]
557:[82, 21, 10, 6, 51]
558:[77, 6, 17, 26]
559:[72, 37, 5]
560:[81, 9, 3, 1, 43]
561:[31, 12, 1, 40, 49, 86]
562:[75, 45, 3, 7, 10]
563:[88, 61]
564:[10, 6, 32]
565:[41, 6, 77]
566:[91, 5, 22, 62]
567:[60, 6, 1, 40, 87]
568:[79, 3, 1, 4]
569:[40, 1, 6, 99]
570:[73, 32, 6, 1, 90]
571:[34, 6, 32, 89]
572:[47, 13, 7, 3, 24]
573:[39, 27, 11, 23, 33]
574:[70, 63, 75]
575:[40, 1, 5, 23]
576:[28, 0, 5, 14, 96]
577:[78, 7, 3, 2, 25]
578:[87, 40, 63, 9, 81]
579:[67, 6, 17, 84, 97]
580:[68, 3, 1, 6, 99]
581:[55, 21, 10, 6, 32, 73]
582:[50, 38, 37, 55]
583:[81, 9, 16, 65]
584:[64, 39, 8, 2, 4]
585:[89, 2, 3, 24]
586:[27, 2, 0, 5, 37, 55]
587:[68, 7, 5]
588:[18, 6, 99]
589:[33, 22, 5, 7, 15]
590:[53, 17, 6, 99]
591:[78, 7, 46]
592:[53, 17, 3, 24]
593:[46, 34, 6, 1]
594:[15, 13, 11, 23, 66]
595:[2, 25]
596:[7, 3, 9, 63]
597:[57, 1, 5, 23]
598:[53, 17, 3, 45, 50]
599:[17, 30, 31]
