0:[84, 17, 3, 79]
1:[26, 17, 6, 41]
2:[87, 40, 63, 9, 81]
3:[59, 1, 2, 25]
4:[85, 84, 17]
5:[68, 7, 13, 47]
6:[14, 35]
7:[30, 17, 6, 18]
8:[65, 1, 6, 67]
9:[88, 49, 32, 6, 18]
10:[83, 23, 11, 90]
11:[51, 1, 5, 14]
12:[1, 3, 56]
13:[49, 40, 87, 37]
14:[28, 0, 5, 6]
15:[78, 7, 3, 2]
16:[60, 6, 17, 53]
17:[30, 17, 3, 45, 50]
18:[34, 14, 5, 22, 33]
19:[80, 0, 5, 6, 34, 52]
20:[71, 25, 2, 1]
21:[25, 2, 0]
22:[65, 1, 40]
23:[38, 37, 5, 22]
24:[27, 2, 0, 22, 62]
25:[62, 22, 5, 7, 78]
26:[99, 6, 18]
27:[0, 5, 6, 34, 52]
28:[43, 1, 2, 0]
29:[23, 5, 6, 17, 26]
30:[18, 6, 32, 89]
31:[88, 49, 40, 2, 25]
32:[37, 10, 6, 41]
33:[28, 2, 3, 9]
34:[26, 8, 3, 7, 15]
35:[50, 45, 22, 5, 14]
36:[45, 50, 38, 48]
37:[63, 40, 49, 80]
38:[65, 1, 6, 34, 52]
39:[64, 46, 34, 6, 32, 49, 86]
40:[53, 17, 3, 45, 50]
41:[98, 5, 6, 77]
42:[49, 80]
43:[12, 3, 68]
44:[61, 3, 7, 78]
45:[78, 7, 5, 91]
46:[34, 6, 17, 53]
47:[24, 8, 2, 89]
48:[21, 10, 6, 1, 2]
49:[56, 3, 7, 78]
50:[91, 5, 22]
51:[96, 14, 34]
52:[71, 25, 2, 0, 42]
53:[61, 3, 45, 75]
54:[90, 1, 43]
55:[9, 6, 5, 14]
56:[32, 6, 5, 37, 94]
57:[56, 3, 7, 13]
58:[20, 2, 1, 6, 67]
59:[84, 85]
60:[0, 2, 8, 39, 64]
61:[63, 40, 1, 11]
62:[10, 7, 3, 45]
63:[65, 16, 38, 37]
64:[27, 2]
65:[91, 5, 98, 89]
66:[92, 29, 13, 15, 32]
67:[8, 2, 1, 6, 35]
68:[6, 5, 14, 96]
69:[43, 1, 2, 8]
70:[99, 37, 5, 0, 28]
71:[83, 22, 45, 75, 63]
72:[61, 8, 26]
73:[93, 52, 34, 14, 21, 85]
74:[48, 37, 87, 40]
75:[34, 6, 1, 3]
76:[18, 9, 16, 38, 82]
77:[16, 9]
78:[82, 21, 10, 6, 76, 39]
79:[14, 35, 67]
80:[19, 8, 3, 7, 13]
81:[84, 17, 3, 7, 29]
82:[42, 0, 2, 1, 90]
83:[55, 37, 72]
84:[67, 6, 99]
85:[27, 2, 0, 80]
86:[7, 78, 38]
87:[81, 9, 63, 40]
88:[10, 7, 44]
89:[31, 12, 1, 11, 13, 47]
90:[25, 2, 3, 45]
91:[90, 1, 43]
92:[4, 1, 3, 44, 58]
93:[50, 45, 3, 2, 25]
94:[75, 45, 3, 1, 11]
95:[59, 1, 2, 19]
96:[57, 1]
97:[11, 1, 40, 49]
98:[97, 84, 17, 30, 31]
99:[59, 1, 6, 99]
100:[62, 22, 5, 7, 69]
101:[99, 6, 1, 2, 19]
102:[55, 21, 10, 7, 11, 20]
103:[75, 45, 3, 17, 84, 85]
104:[93, 54, 13, 11]
105:[28, 0, 22, 62, 73]
106:[53, 62, 86]
107:[67, 6, 10]
108:[7, 3, 1, 43]
109:[98, 5, 14]
110:[54, 34, 6, 32, 73]
111:[23, 5, 37, 56]
112:[10, 14, 96]
113:[89, 32, 15]
114:[5, 0, 2, 27]
115:[32, 6, 10, 21]
116:[6, 10, 21, 85]
117:[37, 5, 1, 65]
118:[64, 46, 7, 5, 37, 87]
119:[60, 6, 77]
120:[59, 1, 2, 89]
121:[96, 14, 34, 52]
122:[15, 32, 6, 51]
123:[35, 6, 51]
124:[78, 7, 68]
125:[56, 3, 44]
126:[45, 3, 7, 13, 54]
127:[22, 5, 7, 78]
128:[0, 5, 37, 48]
129:[37, 56, 3, 8]
130:[81, 9, 3, 2, 0]
131:[62, 53, 4, 2, 25, 71]
132:[79, 49, 32, 73]
133:[7, 3, 17]
134:[88, 49, 40, 1, 43]
135:[64, 46, 7, 3]
136:[11, 7, 44, 58]
137:[88, 49, 32]
138:[16, 38]
139:[54, 92]
140:[37, 10, 7, 13, 47]
141:[97, 84, 17, 6, 77]
142:[72, 37, 10, 6, 76, 39]
143:[40, 49, 80]
144:[2, 8, 39, 64]
145:[61, 3, 7, 29]
146:[65, 16, 38, 74]
147:[18, 9, 3, 7, 29]
148:[56, 3, 8, 26]
149:[61, 3, 12, 31, 52]
150:[25, 71, 13, 54, 93]
151:[10, 6, 1, 2, 28]
152:[89, 98, 5]
153:[33, 22, 5, 7, 68]
154:[31, 12, 3, 79]
155:[88, 61, 3, 12]
156:[77, 6, 5, 22, 83]
157:[64, 46, 7, 78, 38]
158:[53, 17, 84]
159:[76, 6, 1, 11, 13, 47]
160:[21, 10, 6, 1]
161:[17, 6, 76]
162:[55, 21, 10, 7, 68]
163:[46, 7, 29]
164:[10, 6, 1, 40, 70]
165:[64, 46, 7, 11]
166:[88, 49]
167:[8, 3, 17, 74, 94]
168:[84, 17, 6, 5]
169:[98, 89, 32, 49, 88]
170:[82, 38, 43]
171:[48, 37, 10, 7, 46, 64]
172:[35, 6, 1, 12]
173:[65, 1, 6, 32]
174:[6, 1, 12, 31]
175:[20, 2, 8]
176:[53, 4, 2, 89]
177:[70, 40, 87, 37, 72]
178:[4, 2, 28]
179:[64, 46, 34, 14]
180:[8, 2, 1, 16]
181:[67, 6, 32, 49, 86]
182:[31, 12, 1, 2, 20]
183:[66, 23, 5, 0, 80]
184:[99, 6, 1, 11]
185:[98, 89, 2, 3, 61]
186:[55, 37, 5, 22, 83]
187:[67, 6, 5, 22]
188:[57, 17, 6, 34, 54]
189:[98, 5, 7, 29, 92]
190:[55, 37, 5, 22, 83]
191:[68, 3, 1, 6, 99]
192:[10, 21]
193:[54, 34, 6, 9, 63, 75]
194:[79, 3, 56]
195:[62, 22, 5, 37, 48]
196:[23, 11, 27]
197:[19, 2, 0, 22, 83]
198:[20, 11, 7, 46]
199:[95, 23, 5, 6, 17, 74]
